Lublin::Voivodeship_PROPN
(15343, 27703, 1.0, [0.00093, 60.818146, 120.94777])
Chełm::County_PROPN
(78835, 27703, 1.0, [0.0011, 60.81865, 120.94703])
Lublin::County_PROPN
(81112, 27703, 0.0, [0.00019, 60.8214, 120.9484])
Biała::Podlaska::County_PROPN
(86821, 27703, 0.0, [0.00056, 60.820015, 120.94737])
Tomaszów::Lubelski::County_PROPN
(89219, 27703, 0.0, [0.0015, 60.819347, 120.947464])
Zamość::County_PROPN
(90564, 27703, 0.0, [0.00223, 60.822395, 120.948105])
Łuków::County_PROPN
(107889, 27703, 0.0, [0.00194, 60.82325, 120.948105])
Lubartów::County_PROPN
(115232, 27703, 0.0, [0.01227, 60.833725, 120.94649])
Biłgoraj::County_PROPN
(115694, 27703, 0.0, [0.00975, 60.828747, 120.94854])
Opole::Lubelskie::County_PROPN
(122304, 27703, 0.0, [0.00092, 60.822933, 120.9483])
Kraśnik::County_PROPN
(126800, 27703, 0.0, [0.00142, 60.82345, 120.94832])
Krasnystaw::County_PROPN
(127640, 27703, 0.0, [0.0018, 60.822914, 120.94821])
Hrubieszów::County_PROPN
(128308, 27703, 0.0, [0.0017, 60.81998, 120.9475])
Puławy::County_PROPN
(130038, 27703, 0.0, [0.00134, 60.82341, 120.94813])
Włodawa::County_PROPN
(149978, 27703, 0.0, [0.00219, 60.819996, 120.94753])
Łęczna::County_PROPN
(168699, 27703, 0.0, [0.00297, 60.8248, 120.94811])
Parczew::County_PROPN
(181634, 27703, 0.0, [0.00164, 60.82364, 120.94809])
Radzyń::Podlaski::County_PROPN
(187150, 27703, 0.0, [0.00058, 60.82313, 120.94808])
Ryki::County_PROPN
(188235, 27703, 0.0, [0.00127, 60.823544, 120.948166])
Janów::Lubelski::County_PROPN
(194885, 27703, 0.0, [0.00166, 60.82351, 120.94812])
Świdnik::County_PROPN
(231536, 27703, 0.0, [0.002, 60.82377, 120.94822])
nightly_ADJ
(15369, 3029, 0.0, [168.05167, 80.96776, 128.61646])
12pm_NUM
(115733, 3022, 0.0, [168.11647, 81.12578, 129.10527])
5pm_NUM
(122680, 3022, 0.0, [168.01918, 81.137505, 129.03043])
Weekdays_PROPN
(290207, 3022, 0.0, [167.80803, 81.19088, 129.15063])
9am_NUM
(66120, 3014, 0.0, [168.28783, 81.07949, 129.0642])
6pm_NUM
(66946, 3014, 0.0, [168.38474, 81.09255, 129.12053])
8am_NUM
(116187, 3014, 0.0, [168.24306, 81.088776, 129.05858])
late-afternoon_ADJ
(235355, 3014, 0.0, [168.24785, 81.04043, 129.05615])
evening_NOUN
(2082, 3006, 0.0, [168.38017, 80.93119, 128.72215])
11am_NOUN
(194074, 3006, 0.0, [168.33386, 81.15639, 128.79327])
nightly_ADV
(288085, 3006, 0.0, [168.18222, 81.00394, 128.53224])
Monday-Thursday_PROPN
(249653, 3003, 0.0, [167.94835, 81.2124, 129.17729])
night_NOUN
(510, 3000, 0.0, [167.91148, 80.94894, 128.44919])
9am_ADJ
(188105, 2999, 0.0, [168.31102, 81.11203, 129.21143])
12am_NUM
(249354, 2999, 0.0, [168.4409, 81.07891, 129.19156])
6am_SYM
(267634, 2999, 0.0, [168.16023, 81.13111, 129.246])
Midday_PROPN
(57962, 2985, 0.0, [168.19781, 80.76991, 129.10878])
predawn_ADJ
(192464, 2970, 0.0, [168.31857, 80.842354, 129.61108])
timezone_NOUN
(135681, 2813, 0.0, [169.72226, 80.59915, 130.04774])
DST_PROPN
(39216, 2802, 0.0, [170.03113, 80.63538, 130.09418])
Eastern::Standard::Time_PROPN
(113037, 2802, 0.0, [170.38234, 80.72664, 130.02211])
Central::Standard::Time_PROPN
(204860, 2802, 0.0, [170.197, 80.68924, 130.06882])
Standard::Time_PROPN
(286050, 2802, 0.0, [170.15648, 80.69526, 130.0348])
Uchikalam_PROPN
(223572, 2786, 0.0, [169.6322, 81.21767, 129.8026])
6:00_NUM
(15491, 2752, 0.0, [169.51537, 80.93725, 129.32767])
8pm_NOUN
(90389, 2752, 0.0, [169.56627, 80.97204, 129.46278])
Kalasanthi_PROPN
(198556, 2751, 0.0, [169.55606, 81.33995, 129.91321])
sayarakshai_X
(236490, 2751, 0.0, [169.68298, 81.49103, 129.99016])
o'clock_ADV
(15121, 2747, 0.0, [170.39915, 80.77241, 129.68481])
overnight_VERB
(252897, 2747, 0.0, [170.19609, 80.5808, 129.73079])
pm_NOUN
(3062, 2739, 1.0, [169.84406, 81.01308, 129.57512])
ET_PROPN
(15414, 2739, 0.0, [169.7869, 81.0421, 129.62589])
8:00_NUM
(15490, 2739, 0.0, [170.07446, 80.94852, 129.60236])
7:00_NUM
(16014, 2739, 0.0, [170.09418, 80.928925, 129.58348])
9:30_NUM
(21455, 2739, 0.0, [170.04004, 80.99038, 129.51465])
Fri_PROPN
(170777, 2739, 0.0, [169.8452, 80.95878, 129.70448])
p.m._NOUN
(5566, 2716, 0.0, [170.15112, 80.94804, 129.57202])
a.m._NOUN
(7389, 2716, 0.0, [170.31543, 80.92535, 129.56781])
5:00_NUM
(19020, 2716, 0.0, [170.14801, 80.92452, 129.51955])
8:30_NUM
(19993, 2716, 0.0, [170.43437, 80.93893, 129.65451])
a.m_ADV
(77890, 2716, 0.0, [170.44484, 80.947525, 129.5813])
noon_NOUN
(9133, 2704, 0.0, [169.94437, 80.82997, 129.49571])
5:30_NUM
(23121, 2691, 0.0, [170.00964, 80.95123, 129.42711])
p.m._ADV
(9216, 2629, 0.0, [170.43964, 81.2685, 129.39436])
midnight_NOUN
(6259, 2290, 0.0, [169.39029, 80.82813, 129.30281])
mid-day_ADJ
(53366, 2290, 0.0, [169.23546, 80.72403, 129.16718])
:00_NUM
(73375, 2290, 0.0, [169.43785, 81.01386, 129.65445])
mid-afternoon_NOUN
(78228, 2290, 0.0, [169.20625, 80.746704, 129.33167])
et/pt_NOUN
(122705, 2290, 0.0, [169.32277, 81.01672, 129.53871])
Eastern::Time_PROPN
(140380, 2290, 0.0, [169.31274, 80.92883, 129.61235])
-10:00_NUM
(189894, 2290, 0.0, [169.28856, 81.02023, 129.58437])
9pm_NUM
(70953, 2287, 0.0, [169.13242, 80.99744, 129.32445])
reveille_NOUN
(204677, 2279, 0.0, [169.04807, 80.68178, 129.66081])
ET/PT_PROPN
(228835, 2275, 0.0, [168.78682, 81.0059, 129.51604])
daybreak_NOUN
(35443, 2274, 0.0, [169.28905, 80.52971, 129.60452])
Noon_PROPN
(36367, 2274, 0.0, [169.04768, 80.95846, 129.31058])
10pm_NUM
(41975, 2274, 0.0, [168.95044, 80.97508, 129.22644])
9pm_NOUN
(72527, 2274, 0.0, [168.88655, 80.97003, 129.19579])
11pm_NUM
(77716, 2274, 0.0, [168.82027, 80.97685, 129.17046])
8pm_NUM
(81082, 2274, 0.0, [168.96637, 80.9854, 129.2563])
8pm_ADJ
(85186, 2274, 0.0, [169.04837, 80.97469, 129.2788])
5pm_NOUN
(101978, 2274, 0.0, [169.07887, 80.964645, 129.22379])
9pm_ADJ
(120691, 2274, 0.0, [168.8746, 80.98097, 129.22229])
4pm_ADJ
(149063, 2274, 0.0, [168.78726, 81.0081, 129.17918])
5am_NOUN
(190707, 2274, 0.0, [169.04573, 80.9649, 129.20943])
1pm_NUM
(78395, 2272, 0.0, [168.78679, 80.99643, 129.16014])
2pm_ADJ
(105534, 2272, 0.0, [168.79945, 80.981926, 129.15945])
5am_ADJ
(108549, 2272, 0.0, [168.79842, 80.9686, 129.13747])
2am_ADJ
(130930, 2272, 0.0, [168.79929, 80.97109, 129.14935])
11pm_NOUN
(140711, 2272, 0.0, [168.87022, 80.9733, 129.16443])
10pm_NOUN
(152096, 2272, 0.0, [168.78627, 80.97735, 129.14337])
3am_NOUN
(162352, 2272, 0.0, [168.80453, 80.97238, 129.14664])
3am_NUM
(163606, 2272, 0.0, [168.81006, 80.97277, 129.14082])
1pm_NOUN
(205814, 2272, 0.0, [168.8473, 80.97725, 129.15771])
1am_NOUN
(217736, 2272, 0.0, [168.82497, 80.97055, 129.15086])
4am_NOUN
(234748, 2272, 0.0, [168.79991, 80.969955, 129.13965])
4am_ADJ
(251886, 2272, 0.0, [168.79639, 80.97345, 129.15178])
3am_ADJ
(284095, 2272, 0.0, [168.79605, 80.969284, 129.15323])
overnight_ADJ
(7706, 2269, 0.0, [169.1462, 80.83041, 129.13045])
7pm_NUM
(52919, 2269, 0.0, [168.61835, 81.03424, 129.18394])
pm_SYM
(145143, 2269, 1.0, [168.64795, 81.11003, 129.38806])
aest_NOUN
(160565, 2269, 0.0, [168.6186, 81.00664, 129.21663])
-9:00_NUM
(192507, 2269, 0.0, [168.51604, 81.12328, 129.40668])
10am_NOUN
(230012, 2269, 0.0, [168.52316, 81.06743, 129.21996])
12pm_NOUN
(258833, 2269, 0.0, [168.55771, 81.03205, 129.1878])
morning_NOUN
(1174, 2267, 0.0, [168.97285, 80.88033, 128.99171])
afternoon_NOUN
(3472, 2267, 0.0, [168.88254, 80.871765, 128.99922])
midday_NOUN
(16909, 2267, 0.0, [168.90358, 80.84963, 129.09021])
overnight_ADV
(34107, 2267, 0.0, [168.94492, 80.87995, 128.86009])
overnight_NOUN
(53029, 2267, 0.0, [168.95291, 80.874176, 129.04442])
mid-morning_NOUN
(72061, 2267, 0.0, [168.99294, 80.85862, 129.11252])
mid-day_NOUN
(91355, 2267, 0.0, [169.09897, 80.87578, 129.12468])
mid-afternoon_ADJ
(194087, 2267, 0.0, [168.9957, 80.88506, 129.13559])
10am_NUM
(45492, 2263, 0.0, [168.46094, 81.046585, 129.0928])
6pm_ADJ
(49810, 2263, 0.0, [168.629, 80.95991, 129.01964])
3pm_ADJ
(53175, 2263, 0.0, [168.6724, 81.003555, 129.13234])
5pm_ADJ
(58155, 2263, 0.0, [168.77719, 81.002014, 129.159])
6am_NUM
(66756, 2263, 0.0, [168.56143, 81.00536, 129.09746])
7am_NUM
(74624, 2263, 0.0, [168.57071, 81.015144, 129.09288])
4pm_NUM
(75643, 2263, 0.0, [168.4834, 81.037445, 129.08513])
9am_NOUN
(76916, 2263, 0.0, [168.47598, 81.007324, 129.09132])
11am_NUM
(78276, 2263, 0.0, [168.5221, 81.02909, 129.09225])
6am_ADJ
(78588, 2263, 0.0, [168.71669, 80.9704, 129.12376])
early-morning_ADJ
(85032, 2263, 0.0, [168.51398, 80.92565, 128.852])
7pm_ADJ
(86780, 2263, 0.0, [168.77829, 80.98904, 129.16335])
2pm_NUM
(103712, 2263, 0.0, [168.54048, 81.02775, 129.09692])
8am_NOUN
(122643, 2263, 0.0, [168.50984, 81.04075, 129.09572])
4pm_NOUN
(138364, 2263, 0.0, [168.77486, 80.98651, 129.13707])
8am_ADJ
(145985, 2263, 0.0, [168.49702, 81.060646, 129.14124])
11pm_ADJ
(147324, 2263, 0.0, [168.58333, 80.95551, 129.06467])
1am_NUM
(148075, 2263, 0.0, [168.73062, 80.98127, 129.146])
10pm_ADJ
(150187, 2263, 0.0, [168.58672, 80.95721, 129.09229])
4am_NUM
(177894, 2263, 0.0, [168.7638, 80.97647, 129.12535])
6pm_NOUN
(179110, 2263, 0.0, [168.47783, 81.0536, 129.15062])
7am_ADJ
(181641, 2263, 0.0, [168.663, 80.98297, 129.12517])
2am_NUM
(226714, 2263, 0.0, [168.72745, 80.96543, 129.11113])
1pm_ADJ
(249188, 2263, 0.0, [168.76056, 80.99904, 129.08473])
pre-dawn_ADJ
(78137, 2261, 0.0, [168.61116, 80.75945, 129.38017])
:30_NUM
(83633, 2232, 0.0, [168.77994, 81.02908, 130.04967])
day-time_ADJ
(119617, 2135, 0.0, [167.53062, 80.92255, 128.56628])
late-evening_ADJ
(219126, 2135, 0.0, [167.66673, 81.00317, 128.74052])
0600_NUM
(55219, 2131, 0.0, [170.16774, 79.63512, 130.39696])
7PM_PROPN
(166135, 2113, 0.0, [167.70601, 81.4969, 129.11598])
6-10am_ADJ
(280477, 2107, 0.0, [167.73279, 81.13164, 129.14076])
2:12_NUM
(154734, 2091, 0.0, [176.34607, 81.582565, 130.5222])
2:14_NUM
(171652, 2091, 0.0, [176.35834, 81.57217, 130.50128])
2:11_NUM
(174358, 2091, 0.0, [176.37602, 81.578575, 130.50569])
3:17_NUM
(204179, 2091, 0.0, [176.36523, 81.60896, 130.5505])
3:18_NUM
(225959, 2091, 0.0, [176.32745, 81.564575, 130.50269])
3:22_NUM
(228372, 2091, 0.0, [176.37283, 81.616615, 130.54927])
3:21_NUM
(236584, 2091, 0.0, [176.37625, 81.621925, 130.55508])
2:18_NUM
(244312, 2091, 0.0, [176.40157, 81.592834, 130.49878])
5:19_NUM
(256952, 2091, 0.0, [176.34602, 81.694084, 130.67076])
3:24_NUM
(278778, 2091, 0.0, [176.40218, 81.718864, 130.64034])
5:22_NUM
(291146, 2091, 0.0, [176.26305, 81.562515, 130.51157])
Weekday_PROPN
(110908, 2088, 0.0, [167.4444, 81.15391, 129.03209])
weekday_ADJ
(137459, 2088, 0.0, [167.27, 81.17196, 128.90833])
Mon-Fri_PROPN
(292222, 2088, 0.0, [167.38647, 81.205086, 129.03165])
thru_ADP
(27426, 2077, 0.0, [167.77641, 81.518486, 129.42809])
saturday-night_ADJ
(283141, 2052, 0.0, [167.14543, 81.03988, 128.099])
Monday-Friday_PROPN
(76548, 2051, 0.0, [166.46088, 81.38249, 128.79338])
jn_NOUN
(116979, 2048, 0.0, [176.00175, 81.66681, 130.63408])
4:26_NUM
(277619, 2048, 0.0, [176.09961, 81.73889, 130.6523])
daytime_ADJ
(7113, 2045, 0.0, [167.03394, 80.86364, 128.39789])
nighttime_ADJ
(17377, 2045, 0.0, [166.96991, 80.67395, 128.23131])
weekday_NOUN
(5934, 2044, 0.0, [166.41798, 81.30892, 128.6921])
4:11_NUM
(178841, 2032, 0.0, [176.32523, 81.54558, 130.523])
Nighter_PROPN
(257915, 2028, 0.0, [166.93866, 81.28113, 128.86896])
Gal_PROPN
(44068, 2016, 0.0, [176.11337, 81.675285, 130.45561])
1:10_NUM
(73562, 2016, 0.0, [176.3274, 81.596985, 130.30583])
1:12_NUM
(103564, 2016, 0.0, [176.277, 81.56812, 130.27861])
1:16_NUM
(130516, 2016, 0.0, [176.38101, 81.5696, 130.3676])
1:17_NUM
(150291, 2016, 0.0, [176.4271, 81.5727, 130.44283])
1:26_NUM
(166567, 2016, 0.0, [176.40974, 81.59759, 130.49678])
1:13_NUM
(172388, 2016, 0.0, [176.43732, 81.56487, 130.43887])
1:27_NUM
(181017, 2016, 0.0, [176.40446, 81.570274, 130.448])
3:14_NUM
(185904, 2016, 0.0, [176.38695, 81.57542, 130.49362])
1:23_NUM
(194577, 2016, 0.0, [176.4304, 81.581635, 130.44286])
2:17_NUM
(203207, 2016, 0.0, [176.32826, 81.57729, 130.49648])
2:16_NUM
(215837, 2016, 0.0, [176.3943, 81.58246, 130.4934])
2:23_NUM
(238409, 2016, 0.0, [176.39078, 81.593735, 130.48973])
2:19_NUM
(239444, 2016, 0.0, [176.41916, 81.584404, 130.48648])
7:11_NUM
(267958, 2016, 0.0, [176.38011, 81.56564, 130.48111])
night-time_ADJ
(33444, 2010, 0.0, [166.97961, 80.82572, 128.16325])
1:20_NUM
(85202, 1963, 0.0, [176.19586, 81.496826, 130.28209])
3:16_NUM
(96004, 1963, 0.0, [176.29298, 81.53976, 130.49236])
1:25_NUM
(105978, 1963, 0.0, [176.28354, 81.5076, 130.27777])
1:50_NUM
(107870, 1963, 0.0, [176.31398, 81.49426, 130.26355])
1:18_NUM
(112152, 1963, 0.0, [176.29192, 81.52707, 130.29996])
1:24_NUM
(125570, 1963, 0.0, [176.24648, 81.48181, 130.26018])
1:40_NUM
(127568, 1963, 0.0, [176.25815, 81.46697, 130.25084])
1:35_NUM
(132204, 1963, 0.0, [176.1154, 81.44867, 130.23613])
1:14_NUM
(143603, 1963, 0.0, [176.40742, 81.556885, 130.40837])
1:48_NUM
(156380, 1963, 0.0, [176.17096, 81.44766, 130.21527])
1:19_NUM
(159239, 1963, 0.0, [176.40067, 81.53703, 130.39803])
3:25_NUM
(162862, 1963, 0.0, [176.27249, 81.455894, 130.36725])
2:13_NUM
(169223, 1963, 0.0, [176.30373, 81.54434, 130.47377])
4:12_NUM
(183918, 1963, 0.0, [176.3639, 81.55494, 130.48228])
3:12_NUM
(185407, 1963, 0.0, [176.28407, 81.52823, 130.49504])
1:28_NUM
(189624, 1963, 0.0, [176.35257, 81.523415, 130.39119])
4:16_NUM
(189974, 1963, 0.0, [176.36385, 81.56035, 130.48018])
2:22_NUM
(190207, 1963, 0.0, [176.43135, 81.53276, 130.39319])
5:12_NUM
(192923, 1963, 0.0, [176.16411, 81.496254, 130.4934])
2:38_NUM
(195657, 1963, 0.0, [176.26378, 81.47209, 130.41075])
4:17_NUM
(196437, 1963, 0.0, [176.31079, 81.52366, 130.45496])
3:13_NUM
(197416, 1963, 0.0, [176.1791, 81.50112, 130.45499])
3:19_NUM
(202353, 1963, 0.0, [176.36305, 81.55553, 130.48206])
4:13_NUM
(203991, 1963, 0.0, [176.33572, 81.53727, 130.48158])
1:22_NUM
(214085, 1963, 0.0, [176.40457, 81.539986, 130.38655])
5:17_NUM
(214979, 1963, 0.0, [176.16562, 81.51337, 130.4703])
4:18_NUM
(219506, 1963, 0.0, [176.26073, 81.4689, 130.43246])
5:18_NUM
(221095, 1963, 0.0, [176.24014, 81.48752, 130.45996])
5:14_NUM
(223587, 1963, 0.0, [176.32513, 81.53727, 130.47557])
1:29_NUM
(224023, 1963, 0.0, [176.34538, 81.53591, 130.43918])
1:38_NUM
(231057, 1963, 0.0, [176.43005, 81.462494, 130.31447])
2:24_NUM
(233828, 1963, 0.0, [176.43333, 81.54001, 130.43065])
4:24_NUM
(233930, 1963, 0.0, [176.31735, 81.54754, 130.47195])
3:33_NUM
(234312, 1963, 0.0, [176.24164, 81.38135, 130.2728])
4:19_NUM
(243240, 1963, 0.0, [176.31335, 81.49572, 130.42131])
5:11_NUM
(249214, 1963, 0.0, [176.1314, 81.47881, 130.46274])
3:38_NUM
(249718, 1963, 0.0, [176.24773, 81.42272, 130.32515])
6:12_NUM
(252106, 1963, 0.0, [176.276, 81.54258, 130.48894])
6:18_NUM
(255034, 1963, 0.0, [176.2503, 81.50077, 130.45963])
4:23_NUM
(258554, 1963, 0.0, [176.35072, 81.49845, 130.47887])
3:47_NUM
(259604, 1963, 0.0, [176.11272, 81.37036, 130.26204])
4:27_NUM
(262732, 1963, 0.0, [176.2175, 81.44942, 130.35646])
2:44_NUM
(266848, 1963, 0.0, [176.2315, 81.42608, 130.3253])
4:32_NUM
(266918, 1963, 0.0, [176.30608, 81.50351, 130.43422])
1:36_NUM
(267026, 1963, 0.0, [176.39635, 81.42443, 130.23792])
3:36_NUM
(267771, 1963, 0.0, [176.21155, 81.432526, 130.33304])
1:31_NUM
(268953, 1963, 0.0, [176.34889, 81.50525, 130.39772])
4:29_NUM
(270038, 1963, 0.0, [176.28862, 81.479385, 130.41396])
2:46_NUM
(271480, 1963, 0.0, [176.17604, 81.39885, 130.26277])
6:11_NUM
(272991, 1963, 0.0, [176.12247, 81.47585, 130.46501])
5:13_NUM
(274038, 1963, 0.0, [176.33583, 81.55525, 130.48695])
3:48_NUM
(277141, 1963, 0.0, [176.1988, 81.392944, 130.29242])
4:21_NUM
(280658, 1963, 0.0, [176.32896, 81.52, 130.44696])
3:27_NUM
(284327, 1963, 0.0, [176.257, 81.47072, 130.4016])
3:34_NUM
(285549, 1963, 0.0, [176.28502, 81.426544, 130.3298])
4:36_NUM
(286803, 1963, 0.0, [176.24672, 81.50508, 130.44283])
3:52_NUM
(287707, 1963, 0.0, [176.1311, 81.37739, 130.26808])
8:13_NUM
(287882, 1963, 0.0, [176.11797, 81.47922, 130.47638])
2:42_NUM
(289370, 1963, 0.0, [176.32555, 81.42971, 130.35826])
5:26_NUM
(289778, 1963, 0.0, [176.25186, 81.478165, 130.42244])
5:33_NUM
(290406, 1963, 0.0, [176.20541, 81.47931, 130.45673])
5:16_NUM
(291468, 1963, 0.0, [176.3028, 81.549065, 130.49324])
3:10_NUM
(107609, 1927, 0.0, [175.83867, 81.42408, 130.41682])
2:10_NUM
(107829, 1927, 0.0, [175.78934, 81.37595, 130.36736])
1:43_NUM
(120059, 1927, 0.0, [176.08696, 81.40905, 130.18279])
11:11_NUM
(139030, 1927, 0.0, [175.88159, 81.35696, 130.45717])
3:55_NUM
(184727, 1927, 0.0, [175.81537, 81.336845, 130.24945])
3:58_NUM
(243682, 1927, 0.0, [176.08748, 81.3574, 130.2462])
12:11_NUM
(246994, 1927, 0.0, [175.97632, 81.423584, 130.47194])
3:42_NUM
(248543, 1927, 0.0, [176.10474, 81.365074, 130.25208])
7:12_NUM
(256102, 1927, 0.0, [175.97314, 81.41795, 130.46176])
9:11_NUM
(269563, 1927, 0.0, [175.94545, 81.40702, 130.46439])
8:12_NUM
(273651, 1927, 0.0, [175.90154, 81.422615, 130.47661])
7:14_NUM
(279272, 1927, 0.0, [176.01733, 81.45099, 130.4762])
8:11_NUM
(290854, 1927, 0.0, [176.05322, 81.54131, 130.4797])
7:28_NUM
(293076, 1927, 0.0, [175.8962, 81.391815, 130.43803])
3:02_NUM
(293539, 1927, 0.0, [175.98114, 81.36408, 130.23418])
2:05_NUM
(187040, 1919, 0.0, [176.36606, 81.28185, 130.04648])
1:06_NUM
(249140, 1919, 0.0, [176.23802, 81.26394, 130.02989])
2:08_NUM
(270054, 1919, 0.0, [176.20192, 81.27321, 130.05705])
1:03_NUM
(273646, 1919, 0.0, [176.3596, 81.31203, 130.08519])
1:04_NUM
(280203, 1919, 0.0, [176.25005, 81.27134, 130.04933])
1:01_NUM
(289631, 1919, 0.0, [176.19513, 81.31824, 130.11392])
16:12_NUM
(295572, 1919, 0.0, [174.76732, 81.25186, 130.51599])
1:15_NUM
(76066, 1910, 0.0, [175.579, 81.35699, 130.22948])
1:45_NUM
(93702, 1910, 0.0, [175.42166, 81.315544, 130.19516])
2:20_NUM
(100686, 1910, 0.0, [175.6803, 81.30317, 130.33401])
3:20_NUM
(110884, 1910, 0.0, [175.40121, 81.26497, 130.25067])
4:10_NUM
(116160, 1910, 0.0, [175.69157, 81.34941, 130.342])
2:25_NUM
(150008, 1910, 0.0, [175.68181, 81.32275, 130.33438])
4:35_NUM
(206701, 1910, 0.0, [175.63953, 81.354645, 130.18446])
10:28_NUM
(232741, 1910, 0.0, [175.48837, 81.23685, 130.45634])
11:26_NUM
(272838, 1910, 0.0, [175.60133, 81.29695, 130.46634])
10:13_NUM
(275530, 1910, 0.0, [175.46506, 81.26068, 130.46178])
11:14_NUM
(285562, 1910, 0.0, [175.5121, 81.28623, 130.46188])
10:17_NUM
(287838, 1910, 0.0, [175.44476, 81.26597, 130.46834])
10:16_NUM
(287854, 1910, 0.0, [175.40883, 81.25083, 130.45354])
8:14_NUM
(292769, 1910, 0.0, [175.59537, 81.321686, 130.45721])
cst_NOUN
(75859, 1900, 0.0, [171.1387, 80.833374, 130.11848])
BST_PROPN
(96130, 1900, 0.0, [171.44145, 80.609314, 130.16383])
16:19_NUM
(277349, 1896, 0.0, [174.36836, 81.26734, 130.52556])
gmt_NOUN
(33520, 1894, 0.0, [171.07094, 80.58699, 130.10966])
CDT_PROPN
(51307, 1894, 0.0, [170.9181, 80.81889, 130.03444])
IST_PROPN
(57445, 1894, 0.0, [171.04274, 80.81679, 130.0187])
PDT_PROPN
(59955, 1894, 0.0, [170.87244, 80.83215, 130.04239])
cdt_NOUN
(129085, 1894, 0.0, [170.92453, 80.70875, 130.15811])
3:15_NUM
(79204, 1891, 0.0, [175.10962, 81.19149, 130.25092])
10:12_NUM
(210680, 1891, 0.0, [175.19905, 81.13467, 130.45784])
12:12_NUM
(245697, 1891, 0.0, [175.22612, 81.15023, 130.44914])
8:37_NUM
(248421, 1891, 0.0, [175.1282, 81.19634, 130.34781])
10:14_NUM
(266966, 1891, 0.0, [175.17084, 81.17344, 130.44095])
10:23_NUM
(276777, 1891, 0.0, [175.17891, 81.141335, 130.44304])
11:13_NUM
(287063, 1891, 0.0, [175.23035, 81.15834, 130.45673])
EDT_PROPN
(27576, 1880, 0.0, [171.53337, 80.85026, 129.98401])
utc_NOUN
(24152, 1879, 0.0, [171.4287, 80.57346, 130.24498])
MDT_PROPN
(127705, 1877, 0.0, [170.66313, 80.70636, 130.12547])
1:32_NUM
(154677, 1875, 0.0, [176.0667, 81.34077, 130.12088])
3:07_NUM
(253784, 1875, 0.0, [175.89789, 81.28711, 130.11726])
4:07_NUM
(292393, 1875, 0.0, [175.80634, 81.251366, 130.0789])
4:15_NUM
(87290, 1874, 0.0, [174.81102, 81.1628, 130.20323])
4:20_NUM
(108198, 1874, 0.0, [175.03703, 81.17573, 130.22581])
5:10_NUM
(128733, 1874, 0.0, [174.96565, 81.174904, 130.2182])
5:20_NUM
(144409, 1874, 0.0, [174.82228, 81.1489, 130.21776])
4:25_NUM
(151808, 1874, 0.0, [175.0827, 81.219246, 130.28293])
10:37_NUM
(287888, 1874, 0.0, [174.92125, 81.09545, 130.42136])
4:22_NUM
(254328, 1873, 0.0, [175.98016, 81.20586, 130.37521])
3:40_NUM
(122428, 1871, 0.0, [175.20087, 81.33594, 129.93518])
2:40_NUM
(149636, 1871, 0.0, [175.18446, 81.24731, 130.07173])
3:35_NUM
(192358, 1871, 0.0, [175.40933, 81.28485, 130.13492])
2:35_NUM
(195798, 1871, 0.0, [175.1897, 81.24444, 130.06993])
6:20_NUM
(129297, 1864, 0.0, [174.46881, 81.08579, 130.18704])
11:10_NUM
(136949, 1864, 0.0, [174.54124, 80.99765, 130.37007])
7:10_NUM
(140665, 1864, 0.0, [174.6081, 81.08379, 130.24225])
9:10_NUM
(140735, 1864, 0.0, [174.48172, 81.07935, 130.18819])
8:10_NUM
(144086, 1864, 0.0, [174.49582, 81.08694, 130.19228])
6:10_NUM
(152809, 1864, 0.0, [174.55943, 81.08701, 130.20645])
7:25_NUM
(176250, 1864, 0.0, [174.46252, 81.08916, 130.17815])
5:25_NUM
(178837, 1864, 0.0, [174.5569, 81.1003, 130.18324])
2:55_NUM
(183813, 1864, 0.0, [175.48944, 81.283, 130.1326])
9:25_NUM
(190629, 1864, 0.0, [174.4742, 81.092705, 130.17651])
6:25_NUM
(201138, 1864, 0.0, [174.49536, 81.09504, 130.17955])
forenoon_NOUN
(189998, 1863, 0.0, [170.69206, 80.449104, 130.11896])
12:00_NUM
(19481, 1862, 0.0, [171.16081, 80.5017, 130.17458])
CET_PROPN
(37598, 1862, 0.0, [171.32544, 80.5298, 130.3384])
GMT_PROPN
(39327, 1862, 0.0, [171.2789, 80.48955, 130.28761])
cest_NOUN
(65431, 1862, 0.0, [171.39392, 80.430374, 130.40512])
12:40_NUM
(137969, 1862, 0.0, [173.81097, 80.90264, 130.18304])
18:00_NUM
(30326, 1861, 0.0, [171.71484, 80.33971, 130.42566])
04:00_NUM
(68689, 1861, 0.0, [171.514, 80.23896, 130.44829])
03:30_NUM
(133786, 1861, 0.0, [171.55733, 80.2472, 130.48573])
00:30_NUM
(166546, 1861, 0.0, [171.7248, 80.27543, 130.49167])
06:15_NUM
(221137, 1861, 0.0, [171.61424, 80.2809, 130.4684])
07:45_NUM
(226121, 1861, 0.0, [171.6941, 80.26348, 130.48857])
hkt_NOUN
(265446, 1861, 0.0, [171.71472, 80.37764, 130.40016])
07:00_NUM
(55304, 1860, 0.0, [171.75182, 80.267006, 130.55598])
08:30_NUM
(88602, 1860, 0.0, [171.71657, 80.23524, 130.50458])
06:30_NUM
(97137, 1860, 0.0, [171.62721, 80.238625, 130.54036])
04:30_NUM
(115404, 1860, 0.0, [171.54216, 80.233315, 130.49905])
3:05_NUM
(211582, 1860, 0.0, [175.10605, 81.22937, 130.02568])
08:15_NUM
(219695, 1860, 0.0, [171.6929, 80.25071, 130.51273])
06:45_NUM
(241758, 1860, 0.0, [171.67343, 80.25388, 130.50551])
07:15_NUM
(257453, 1860, 0.0, [171.76472, 80.291466, 130.51875])
PST_PROPN
(65316, 1856, 0.0, [170.79942, 80.90104, 129.94109])
mst_NOUN
(74427, 1856, 0.0, [171.01123, 80.90625, 130.12643])
4:55_NUM
(220886, 1850, 0.0, [175.17603, 81.22798, 130.03416])
weeknight_NOUN
(21540, 1847, 0.0, [166.55229, 80.53228, 127.934525])
bst_NOUN
(82718, 1844, 0.0, [171.93655, 80.59574, 130.2583])
pst_NOUN
(47795, 1843, 0.0, [170.76433, 80.91221, 129.85922])
16:15_NUM
(145903, 1841, 0.0, [173.78021, 80.5961, 130.61052])
16:10_NUM
(147969, 1841, 0.0, [173.84366, 80.60556, 130.60118])
16:20_NUM
(167449, 1841, 0.0, [173.92065, 80.76933, 130.60573])
11:25_NUM
(171573, 1841, 0.0, [173.93668, 80.69582, 130.53624])
19:10_NUM
(217705, 1841, 0.0, [173.78932, 80.60504, 130.59166])
17:10_NUM
(227318, 1841, 0.0, [173.9733, 80.68056, 130.56433])
15:40_NUM
(229907, 1841, 0.0, [173.81607, 80.61107, 130.58957])
16:25_NUM
(232994, 1841, 0.0, [173.78485, 80.60744, 130.59062])
15:20_NUM
(242128, 1841, 0.0, [173.78883, 80.61779, 130.56996])
21:20_NUM
(263361, 1841, 0.0, [173.77873, 80.59445, 130.60196])
19:25_NUM
(264968, 1841, 0.0, [173.83684, 80.65049, 130.57576])
14:40_NUM
(284187, 1841, 0.0, [173.8085, 80.64059, 130.56773])
21:25_NUM
(284605, 1841, 0.0, [173.78258, 80.61165, 130.59721])
h-hour_NOUN
(285046, 1838, 0.0, [171.30768, 80.30661, 130.49985])
12:10_NUM
(139696, 1837, 0.0, [174.29413, 80.95807, 130.30443])
4:50_NUM
(150150, 1835, 0.0, [174.93513, 81.216705, 130.01057])
2:50_NUM
(162010, 1835, 0.0, [174.81552, 81.20919, 129.99976])
05:15_NUM
(291374, 1835, 0.0, [172.09416, 80.6497, 130.51433])
07:30_NUM
(98360, 1831, 0.0, [171.52745, 80.13608, 130.59067])
0700_NUM
(136537, 1831, 0.0, [171.47975, 80.04421, 130.56444])
02:30_NUM
(150709, 1831, 0.0, [171.49516, 80.17309, 130.52216])
0:00_NUM
(218012, 1828, 0.0, [175.6327, 81.146866, 129.93752])
10:10_NUM
(90934, 1825, 0.0, [173.85457, 80.70783, 130.47694])
19:00_NUM
(32662, 1822, 0.0, [171.87363, 80.31399, 130.4905])
16:00_NUM
(33379, 1822, 0.0, [172.0028, 80.35145, 130.46664])
14:00_NUM
(33614, 1822, 0.0, [172.00517, 80.341286, 130.48515])
20:00_NUM
(36496, 1822, 0.0, [172.03873, 80.355385, 130.49373])
17:00_NUM
(39500, 1822, 0.0, [171.86577, 80.3104, 130.48701])
15:00_NUM
(40433, 1822, 0.0, [171.86136, 80.32816, 130.46022])
13:00_NUM
(42566, 1822, 0.0, [171.9546, 80.342354, 130.47032])
09:00_NUM
(43039, 1822, 0.0, [171.93304, 80.33579, 130.46509])
22:00_NUM
(43818, 1822, 0.0, [172.00052, 80.32725, 130.50899])
23:00_NUM
(52499, 1822, 0.0, [171.82834, 80.30763, 130.49251])
19:30_NUM
(55270, 1822, 0.0, [172.07184, 80.33226, 130.50887])
14:30_NUM
(62084, 1822, 0.0, [172.05179, 80.343254, 130.49716])
17:30_NUM
(68941, 1822, 0.0, [172.02211, 80.32446, 130.50221])
16:30_NUM
(69910, 1822, 0.0, [172.01865, 80.333755, 130.49704])
cet_NOUN
(70310, 1822, 0.0, [171.97685, 80.42609, 130.43446])
09:30_NUM
(77163, 1822, 0.0, [172.06898, 80.3469, 130.48485])
20:30_NUM
(82217, 1822, 0.0, [171.94852, 80.33346, 130.49245])
21:30_NUM
(83773, 1822, 0.0, [172.04736, 80.33326, 130.51491])
msk_NOUN
(159213, 1822, 0.0, [171.93623, 80.384, 130.44473])
24:00_NUM
(209738, 1822, 0.0, [171.84576, 80.34945, 130.51138])
09:15_NUM
(217668, 1822, 0.0, [172.05563, 80.35419, 130.48007])
1:07_NUM
(237171, 1822, 0.0, [176.0478, 81.079414, 129.83511])
22:45_NUM
(257268, 1822, 0.0, [171.81189, 80.27097, 130.4961])
08:45_NUM
(266004, 1822, 0.0, [171.8588, 80.335976, 130.45363])
09:20_NUM
(292520, 1822, 0.0, [172.08379, 80.37717, 130.44951])
eest_NOUN
(129378, 1821, 0.0, [170.75136, 80.591286, 130.36295])
0730_NUM
(283699, 1820, 0.0, [171.30946, 80.16402, 130.47804])
06:00_NUM
(39037, 1818, 0.0, [171.44809, 80.22348, 130.41295])
21:00_NUM
(42063, 1818, 0.0, [171.70276, 80.173935, 130.44824])
08:00_NUM
(48343, 1818, 0.0, [171.53458, 80.22696, 130.43532])
05:00_NUM
(64810, 1818, 0.0, [171.45264, 80.21522, 130.44702])
03:00_NUM
(67355, 1818, 0.0, [171.51154, 80.19552, 130.47392])
02:00_NUM
(68628, 1818, 0.0, [171.54124, 80.22218, 130.46667])
01:00_NUM
(77059, 1818, 0.0, [171.58292, 80.227264, 130.47385])
05:30_NUM
(98522, 1818, 0.0, [171.51677, 80.20785, 130.48085])
04:45_NUM
(276535, 1818, 0.0, [171.60141, 80.21043, 130.49588])
4:40_NUM
(149381, 1817, 0.0, [174.64099, 81.17885, 129.94333])
3:50_NUM
(166233, 1817, 0.0, [174.5741, 81.163605, 129.95522])
4:05_NUM
(182746, 1817, 0.0, [174.55113, 81.10917, 129.85406])
6:50_NUM
(192698, 1817, 0.0, [174.47357, 81.15014, 130.01091])
5:55_NUM
(199641, 1817, 0.0, [174.6716, 81.15334, 130.11998])
5:35_NUM
(219031, 1817, 0.0, [174.48405, 81.12598, 130.11696])
8:25_NUM
(220375, 1817, 0.0, [174.44922, 81.10134, 130.16273])
CST_PROPN
(37110, 1816, 0.0, [171.07834, 81.13967, 130.23836])
0900_NUM
(85937, 1812, 0.0, [171.19183, 80.034645, 130.52031])
0800_NUM
(87402, 1812, 0.0, [171.2837, 80.038895, 130.54285])
0300_NUM
(117449, 1812, 0.0, [171.178, 79.97981, 130.52689])
0100_NUM
(146057, 1812, 0.0, [171.36417, 80.05297, 130.54126])
0500_NUM
(167626, 1812, 0.0, [171.33043, 80.04, 130.54807])
0200_NUM
(170326, 1812, 0.0, [171.38145, 80.06631, 130.53218])
0400_NUM
(170971, 1812, 0.0, [171.39989, 80.12015, 130.51094])
0830_NUM
(217323, 1812, 0.0, [171.40067, 80.075134, 130.51083])
0630_NUM
(247328, 1812, 0.0, [171.40616, 80.069824, 130.53265])
0930_NUM
(268157, 1812, 0.0, [171.4241, 80.04495, 130.5576])
UTC_PROPN
(8189, 1811, 0.0, [170.76537, 80.350105, 130.22177])
10:30_NUM
(22213, 1811, 0.0, [172.10947, 80.957306, 129.83292])
11:30_NUM
(26954, 1811, 0.0, [172.04189, 80.94434, 129.8475])
eet_NOUN
(68395, 1811, 0.0, [170.52448, 80.35923, 130.45673])
MSK_PROPN
(179527, 1811, 0.0, [170.50417, 80.49435, 130.44333])
EET_PROPN
(242265, 1811, 0.0, [170.7181, 80.53144, 130.35077])
11:00_NUM
(17420, 1808, 0.0, [170.65549, 80.879616, 129.66243])
12:25_NUM
(148546, 1798, 0.0, [174.22948, 80.843666, 130.42722])
10:25_NUM
(157609, 1798, 0.0, [174.14302, 80.78946, 130.47983])
2:15_NUM
(85072, 1796, 0.0, [174.84795, 80.8816, 129.9791])
MST_PROPN
(61426, 1794, 0.0, [170.73859, 80.898155, 130.17554])
00:00_NUM
(56185, 1793, 0.0, [171.10567, 80.10864, 130.3622])
3:45_NUM
(95788, 1783, 0.0, [174.02669, 81.17745, 129.88377])
5:40_NUM
(150387, 1783, 0.0, [173.89497, 81.094826, 129.98846])
5:50_NUM
(160437, 1783, 0.0, [173.92946, 81.12179, 129.94669])
8:07_NUM
(269781, 1783, 0.0, [174.01913, 81.09262, 130.0289])
University::Medical::Center::Station_PROPN
(296445, 1783, 0.0, [173.8925, 81.13677, 129.8467])
a.m._ADV
(11452, 1781, 0.0, [170.89737, 80.96392, 129.69875])
10:00_NUM
(12638, 1781, 0.0, [170.65875, 80.92608, 129.65094])
9:00_NUM
(13586, 1781, 0.0, [170.44974, 80.930565, 129.6353])
7:30_NUM
(20616, 1781, 0.0, [170.83208, 81.00044, 129.66302])
6:30_NUM
(22258, 1781, 0.0, [170.7347, 80.96079, 129.57625])
4:00_NUM
(22290, 1781, 0.0, [170.5691, 80.93444, 129.57266])
1:00_NUM
(24907, 1781, 0.0, [170.70145, 80.94754, 129.62477])
EST_PROPN
(49475, 1781, 0.0, [170.4632, 81.14857, 129.5854])
EST._PROPN
(55720, 1781, 0.0, [170.66934, 80.95138, 129.78691])
p.m_ADV
(62591, 1781, 0.0, [170.46738, 80.951035, 129.6289])
P.M._PROPN
(88015, 1781, 0.0, [170.74948, 80.95445, 129.6426])
6:45_NUM
(81985, 1779, 0.0, [171.67487, 80.970985, 129.74625])
7:20_NUM
(120049, 1779, 0.0, [174.40395, 81.12862, 130.08554])
9:20_NUM
(125163, 1779, 0.0, [174.22919, 81.042694, 130.15224])
6:40_NUM
(163277, 1779, 0.0, [174.26982, 81.12524, 130.00548])
6:55_NUM
(201404, 1779, 0.0, [174.26752, 81.110695, 130.01314])
6:35_NUM
(202147, 1779, 0.0, [174.31152, 81.1327, 130.03304])
5:05_NUM
(216201, 1779, 0.0, [174.36913, 81.152756, 129.99153])
8:35_NUM
(225669, 1779, 0.0, [174.3853, 81.1121, 130.14018])
6:05_NUM
(238834, 1779, 0.0, [174.33278, 81.15453, 129.97499])
2:00_NUM
(22341, 1773, 0.0, [171.21284, 80.965935, 129.6568])
3:00_NUM
(23923, 1773, 0.0, [171.12662, 80.96206, 129.63239])
4:30_NUM
(28494, 1735, 0.0, [171.86987, 80.99399, 129.76018])
12:30_NUM
(29470, 1735, 0.0, [171.98134, 80.9583, 129.82326])
12:45_NUM
(82880, 1735, 0.0, [172.03568, 80.952705, 129.82474])
million_NUM
(212, 1731, 0.0, [184.21936, 30.07846, 144.6852])
1,000,000_NUM
(14185, 1731, 0.0, [184.25554, 30.087873, 144.71994])
2,000,000_NUM
(31400, 1731, 0.0, [184.41199, 29.967873, 144.78271])
5,000,000_NUM
(48154, 1731, 0.0, [184.31676, 30.044945, 144.7152])
10,000,000_NUM
(54282, 1731, 0.0, [184.34642, 29.99985, 144.79553])
100,000,000_NUM
(88294, 1731, 0.0, [184.35239, 30.009706, 144.76288])
20,000,000_NUM
(93018, 1731, 0.0, [184.35521, 30.00864, 144.76103])
50,000,000_NUM
(106840, 1731, 0.0, [184.38004, 29.97081, 144.80481])
30,000,000_NUM
(117464, 1731, 0.0, [184.39137, 29.969732, 144.79251])
775,000_NUM
(193473, 1731, 0.0, [184.42345, 29.96981, 144.81013])
200,000,000_NUM
(197422, 1731, 0.0, [184.27315, 30.079014, 144.69553])
500,000,000_NUM
(221139, 1731, 0.0, [184.17642, 30.165613, 144.6417])
5,500,000_NUM
(252603, 1731, 0.0, [184.33981, 30.076773, 144.59692])
16,000,000_NUM
(254786, 1731, 0.0, [184.30188, 30.108187, 144.57927])
18,000,000_NUM
(278931, 1731, 0.0, [184.28711, 30.067623, 144.71487])
PM_PROPN
(13987, 1728, 0.0, [171.0036, 81.198715, 129.22028])
400,000_NUM
(10013, 1716, 0.0, [184.56485, 29.88056, 144.7472])
800,000_NUM
(15354, 1716, 0.0, [184.50813, 29.907024, 144.73035])
475,000_NUM
(113453, 1716, 0.0, [184.52615, 29.899767, 144.77107])
1,600,000_NUM
(115817, 1716, 0.0, [184.53175, 29.88619, 144.78696])
710,000_NUM
(212627, 1716, 0.0, [184.5272, 29.89591, 144.75873])
1:05_NUM
(161244, 1713, 0.0, [175.17192, 80.84908, 129.675])
7:55_NUM
(215579, 1712, 0.0, [173.95267, 81.40094, 129.7859])
750,000_NUM
(18996, 1699, 0.0, [184.43782, 29.99064, 144.78952])
Central::Pointe::Station_PROPN
(163415, 1698, 0.0, [173.82997, 81.139275, 129.81924])
Salt::Lake::Central::Station_PROPN
(269988, 1698, 0.0, [173.84729, 81.14811, 129.81833])
seventeenth_ADJ
(12774, 1572, 0.0, [161.76337, 74.84119, 111.344574])
eighteenth_ADJ
(10123, 1487, 0.0, [161.55312, 75.11679, 111.715256])
4:14_NUM
(189830, 1462, 0.0, [176.51015, 81.72533, 130.62206])
3:11_NUM
(217133, 1462, 0.0, [176.44116, 81.64856, 130.58318])
3:23_NUM
(222951, 1462, 0.0, [176.46837, 81.66434, 130.56422])
3:28_NUM
(232521, 1462, 0.0, [176.51515, 81.68852, 130.6393])
1:11_NUM
(146451, 1394, 0.0, [176.45828, 81.60362, 130.39537])
nineteenth_NOUN
(22108, 1391, 0.0, [161.1798, 75.3957, 112.003685])
206th_ADJ
(133267, 1388, 0.0, [173.44876, 53.38301, 93.2988])
205th_ADJ
(168937, 1388, 0.0, [173.46255, 53.350063, 93.27231])
201st_ADJ
(177870, 1388, 0.0, [173.45158, 53.350895, 93.27831])
207th_ADJ
(183130, 1388, 0.0, [173.46565, 53.38574, 93.30252])
225th_ADJ
(187144, 1388, 0.0, [173.47867, 53.432384, 93.35075])
204th_ADJ
(198333, 1388, 0.0, [173.4885, 53.370327, 93.29396])
199th_ADJ
(198513, 1388, 0.0, [173.46884, 53.36868, 93.293274])
197th_ADJ
(201842, 1388, 0.0, [173.449, 53.35777, 93.272])
229th_ADJ
(214321, 1388, 0.0, [173.4698, 53.388466, 93.302444])
194th_ADJ
(221504, 1388, 0.0, [173.4939, 53.471798, 93.36867])
208th_ADJ
(221902, 1388, 0.0, [173.46739, 53.384583, 93.30024])
196th_ADJ
(235356, 1388, 0.0, [173.45815, 53.38382, 93.30567])
230th_ADJ
(241376, 1388, 0.0, [173.48761, 53.434303, 93.346886])
195th_ADJ
(241972, 1388, 0.0, [173.46678, 53.341553, 93.26189])
209th_ADJ
(245210, 1388, 0.0, [173.47125, 53.39489, 93.308556])
249th_ADJ
(246463, 1388, 0.0, [173.47865, 53.42769, 93.3382])
224th_ADJ
(248656, 1388, 0.0, [173.47745, 53.38457, 93.303024])
198th_ADJ
(251672, 1388, 0.0, [173.52551, 53.42959, 93.35011])
240th_ADJ
(252844, 1388, 0.0, [173.47588, 53.428844, 93.34505])
256th_ADJ
(253840, 1388, 0.0, [173.4975, 53.498005, 93.401634])
227th_ADJ
(264602, 1388, 0.0, [173.48686, 53.437603, 93.34763])
234th_ADJ
(264736, 1388, 0.0, [173.47665, 53.404816, 93.31258])
220th_ADJ
(265525, 1388, 0.0, [173.46858, 53.40659, 93.31567])
187th_ADJ
(282476, 1388, 0.0, [173.47664, 53.39612, 93.31726])
245th_ADJ
(283303, 1388, 0.0, [173.49112, 53.4094, 93.324455])
228th_ADJ
(283636, 1388, 0.0, [173.48222, 53.473557, 93.3805])
170th_ADJ
(286524, 1388, 0.0, [173.47797, 53.560528, 93.47729])
216th_ADJ
(286596, 1388, 0.0, [173.46776, 53.397404, 93.31286])
252nd_ADJ
(292078, 1388, 0.0, [173.50235, 53.401516, 93.32115])
254th_ADJ
(293204, 1388, 0.0, [173.48375, 53.42404, 93.336586])
275th_ADJ
(293436, 1388, 0.0, [173.49109, 53.44303, 93.35843])
186th_ADJ
(296314, 1388, 0.0, [173.46498, 53.400578, 93.31652])
202nd_ADJ
(211026, 1370, 0.0, [173.44005, 53.349117, 93.26969])
176th_ADJ
(259181, 1370, 0.0, [173.3492, 53.59415, 93.50749])
1:59_NUM
(282378, 1366, 0.0, [176.84035, 81.44185, 129.83987])
190th_ADJ
(221275, 1360, 1.0, [173.13353, 53.168922, 93.10117])
1:08_NUM
(261902, 1354, 1.0, [176.87227, 81.714714, 129.71382])
1:21_NUM
(195742, 1350, 0.0, [176.44516, 81.559364, 130.43735])
1:42_NUM
(216184, 1350, 0.0, [176.51352, 81.4671, 130.25204])
1:34_NUM
(226332, 1350, 0.0, [176.52809, 81.42619, 130.19481])
1:46_NUM
(246702, 1350, 0.0, [176.52739, 81.45854, 130.2524])
2:26_NUM
(255485, 1350, 0.0, [176.45432, 81.41527, 130.23685])
203rd_ADJ
(232658, 1348, 0.0, [173.31192, 53.278633, 93.18445])
160th_ADJ
(94220, 1339, 0.0, [173.46123, 53.72191, 93.65052])
157th_ADJ
(120891, 1339, 0.0, [173.46318, 53.681805, 93.61141])
156th_ADJ
(124371, 1339, 0.0, [173.44931, 53.71289, 93.63546])
161st_NUM
(131099, 1339, 0.0, [173.57498, 53.915627, 93.78606])
147th_ADJ
(131245, 1339, 0.0, [173.44733, 53.75613, 93.68376])
145th_ADJ
(131712, 1339, 0.0, [173.44534, 53.74077, 93.66616])
151st_NUM
(132031, 1339, 0.0, [173.53162, 53.899666, 93.76397])
155th_ADJ
(135788, 1339, 0.0, [173.45168, 53.75926, 93.68431])
146th_ADJ
(140264, 1339, 0.0, [173.45236, 53.74003, 93.665215])
158th_ADJ
(141362, 1339, 0.0, [173.48256, 53.745934, 93.65449])
180th_ADJ
(152186, 1339, 0.0, [173.47485, 53.673016, 93.60045])
169th_ADJ
(164777, 1339, 0.0, [173.45258, 53.68226, 93.608])
153rd_ADJ
(166763, 1339, 0.0, [173.44731, 53.76199, 93.685])
153rd_NUM
(167651, 1339, 0.0, [173.48643, 53.75414, 93.61674])
164th_ADJ
(167773, 1339, 0.0, [173.46693, 53.683, 93.60994])
168th_ADJ
(172418, 1339, 0.0, [173.4631, 53.69871, 93.623795])
152nd_ADJ
(203593, 1339, 0.0, [173.44489, 53.75361, 93.67549])
166th_ADJ
(206487, 1339, 0.0, [173.4454, 53.647797, 93.572754])
165th_ADJ
(208706, 1339, 0.0, [173.46515, 53.701202, 93.62565])
167th_ADJ
(217261, 1339, 0.0, [173.46362, 53.67755, 93.60176])
171st_NUM
(232230, 1339, 0.0, [173.6214, 53.847515, 93.73144])
191st_NUM
(238006, 1339, 0.0, [173.50159, 53.67857, 93.5623])
162nd_ADJ
(243541, 1339, 0.0, [173.45749, 53.663788, 93.59164])
163rd_ADJ
(256418, 1339, 0.0, [173.46367, 53.68801, 93.61757])
132nd_NUM
(286001, 1339, 0.0, [173.51955, 53.831764, 93.702965])
299th_ADJ
(289195, 1339, 0.0, [173.55186, 53.829014, 93.659904])
15:30_NUM
(67394, 1325, 0.0, [172.2406, 80.3764, 130.49417])
13:30_NUM
(69537, 1325, 0.0, [172.18213, 80.37457, 130.48901])
17:45_NUM
(126942, 1325, 0.0, [172.12125, 80.37759, 130.48927])
20:45_NUM
(181271, 1325, 0.0, [172.33101, 80.54657, 130.4261])
09:45_NUM
(246614, 1325, 0.0, [172.16975, 80.366066, 130.49124])
09:40_NUM
(255992, 1325, 0.0, [172.26543, 80.41862, 130.47058])
13:40_NUM
(256670, 1325, 0.0, [172.11263, 80.36008, 130.46948])
17:50_NUM
(272003, 1325, 0.0, [172.43115, 80.47978, 130.46495])
16:50_NUM
(285745, 1325, 0.0, [172.24997, 80.39419, 130.47372])
Century_PROPN
(3468, 1318, 0.0, [160.79478, 75.68243, 112.22906])
jst_NOUN
(100939, 1317, 0.0, [172.45186, 80.67105, 130.39577])
20:40_NUM
(223408, 1317, 0.0, [172.47168, 80.572975, 130.45453])
159th_ADJ
(137782, 1313, 0.0, [173.43489, 53.6051, 93.53448])
18:30_NUM
(61784, 1312, 0.0, [172.2308, 80.36791, 130.50029])
22:30_NUM
(88833, 1312, 0.0, [172.23695, 80.364586, 130.51729])
23:30_NUM
(115648, 1312, 0.0, [172.1403, 80.35457, 130.51878])
1:55_NUM
(170013, 1312, 0.0, [176.5128, 81.36162, 130.11523])
1:54_NUM
(202835, 1312, 0.0, [176.59923, 81.37601, 130.11395])
1:47_NUM
(212551, 1312, 0.0, [176.53131, 81.361, 130.1149])
16:45_NUM
(215188, 1312, 0.0, [172.42137, 80.35141, 130.58836])
1:33_NUM
(228000, 1312, 0.0, [176.52133, 81.39341, 130.16434])
1:53_NUM
(236611, 1312, 0.0, [176.5606, 81.37078, 130.11093])
1:49_NUM
(240825, 1312, 0.0, [176.57462, 81.37934, 130.12537])
1:44_NUM
(247180, 1312, 0.0, [176.46645, 81.389465, 130.16473])
1:56_NUM
(249911, 1312, 0.0, [176.57253, 81.36949, 130.08418])
1:37_NUM
(254392, 1312, 0.0, [176.51103, 81.38337, 130.13046])
1:52_NUM
(265309, 1312, 0.0, [176.49539, 81.35381, 130.09718])
1:41_NUM
(270364, 1312, 0.0, [176.43947, 81.37306, 130.15627])
2:02_NUM
(276066, 1312, 0.0, [176.469, 81.32577, 130.04765])
1:09_NUM
(278262, 1312, 0.0, [176.49892, 81.34668, 130.10135])
2:03_NUM
(292971, 1312, 0.0, [176.44598, 81.30984, 130.07237])
2:06_NUM
(293573, 1312, 0.0, [176.52956, 81.36202, 130.08484])
2:01_NUM
(295844, 1312, 0.0, [176.49686, 81.34384, 130.09584])
21:55_NUM
(103703, 1311, 0.0, [172.51784, 80.744545, 130.55008])
18:40_NUM
(195374, 1301, 0.0, [172.56026, 80.4773, 130.46432])
21:45_NUM
(210613, 1301, 0.0, [172.53316, 80.54192, 130.47556])
16:40_NUM
(223351, 1301, 0.0, [172.46983, 80.432144, 130.48877])
15:50_NUM
(255234, 1301, 0.0, [172.49155, 80.46312, 130.45633])
17:40_NUM
(256700, 1301, 0.0, [172.64899, 80.51729, 130.47975])
18:50_NUM
(272538, 1301, 0.0, [172.66875, 80.491295, 130.47769])
14:50_NUM
(275584, 1301, 0.0, [172.64963, 80.5289, 130.42882])
19:50_NUM
(277798, 1301, 0.0, [172.50223, 80.49353, 130.47])
19:55_NUM
(279430, 1301, 0.0, [172.47527, 80.55748, 130.45966])
18:35_NUM
(282262, 1301, 0.0, [172.67307, 80.48572, 130.48299])
18:45_NUM
(185067, 1300, 0.0, [172.27211, 80.56062, 130.1423])
2330_NUM
(212812, 1296, 0.0, [171.52719, 79.77525, 130.7401])
148th_ADJ
(123396, 1295, 0.0, [173.4162, 53.721706, 93.64172])
138th_ADJ
(124793, 1295, 0.0, [173.44305, 53.752953, 93.674934])
149th_ADJ
(128795, 1295, 0.0, [173.4336, 53.77314, 93.694756])
137th_ADJ
(132102, 1295, 0.0, [173.43935, 53.7647, 93.68773])
154th_ADJ
(132665, 1295, 0.0, [173.4145, 53.753475, 93.67164])
144th_ADJ
(137325, 1295, 0.0, [173.4404, 53.761345, 93.67971])
136th_ADJ
(147415, 1295, 0.0, [173.29266, 53.737064, 93.642715])
134th_ADJ
(149295, 1295, 0.0, [173.36708, 53.89934, 93.7879])
142nd_ADJ
(152665, 1295, 0.0, [173.42882, 53.776897, 93.69535])
139th_ADJ
(153138, 1295, 0.0, [173.42131, 53.76769, 93.68462])
143rd_ADJ
(166938, 1295, 0.0, [173.42154, 53.784775, 93.698975])
132nd_ADJ
(199013, 1295, 0.0, [173.3937, 53.8286, 93.73319])
141st_ADJ
(203377, 1295, 0.0, [173.41064, 53.81256, 93.72208])
151st_ADJ
(242859, 1295, 0.0, [173.43391, 53.798435, 93.717995])
10:20_NUM
(102974, 1294, 0.0, [173.08247, 80.7929, 130.21693])
10:50_NUM
(136982, 1294, 0.0, [172.91145, 80.79369, 130.17628])
12:05_NUM
(144162, 1294, 0.0, [172.42273, 80.96577, 129.91296])
JST_PROPN
(154138, 1291, 0.0, [173.21152, 80.97636, 130.22012])
19:45_NUM
(156282, 1288, 0.0, [172.54698, 80.45615, 130.51456])
10:45_NUM
(79224, 1286, 0.0, [172.72041, 80.91561, 130.0008])
11:35_NUM
(115253, 1286, 0.0, [172.757, 80.97639, 129.94868])
12:35_NUM
(160056, 1286, 0.0, [172.53764, 80.9562, 129.9564])
05:45_NUM
(215763, 1283, 0.0, [171.76082, 80.41322, 130.87126])
13:45_NUM
(197334, 1281, 0.0, [172.88516, 80.52777, 130.47115])
11:15_NUM
(65710, 1279, 0.0, [172.7578, 80.87628, 130.05273])
11:05_NUM
(166574, 1279, 0.0, [172.53783, 80.79293, 130.07603])
Sundays_PROPN
(9625, 1278, 0.0, [165.25865, 81.6308, 128.58224])
Saturdays_PROPN
(9965, 1278, 0.0, [165.32755, 81.63127, 128.63599])
sunday_NOUN
(18054, 1278, 0.0, [165.1922, 81.64996, 128.59099])
Thursdays_PROPN
(18972, 1278, 0.0, [165.26987, 81.64379, 128.66891])
monday_NOUN
(19288, 1278, 0.0, [165.23154, 81.65308, 128.63661])
Tuesdays_PROPN
(21466, 1278, 0.0, [165.2273, 81.69963, 128.6791])
Fridays_PROPN
(22551, 1278, 0.0, [165.3951, 81.62507, 128.6478])
friday_NOUN
(24318, 1278, 0.0, [165.16138, 81.66263, 128.62233])
Mondays_PROPN
(37969, 1278, 0.0, [165.39265, 81.62861, 128.66977])
141st_NUM
(143190, 1274, 0.0, [173.57092, 54.024036, 93.86876])
133rd_NUM
(293089, 1274, 0.0, [173.49838, 54.014355, 93.84639])
01:30_NUM
(144011, 1271, 0.0, [171.18613, 79.83168, 130.76942])
10:35_NUM
(130593, 1269, 0.0, [173.38191, 80.78991, 130.24355])
10:05_NUM
(171949, 1269, 0.0, [173.41422, 80.84853, 130.23613])
10:15_NUM
(68769, 1263, 0.0, [173.10284, 80.94521, 130.02342])
7:15_NUM
(77928, 1263, 0.0, [173.05002, 81.02402, 129.91426])
6:15_NUM
(82971, 1263, 0.0, [173.09692, 81.061386, 129.88422])
9:45_NUM
(89481, 1263, 0.0, [172.91199, 80.97642, 129.95045])
11:45_NUM
(90837, 1263, 0.0, [172.8546, 80.897095, 130.0405])
9:40_NUM
(150306, 1263, 0.0, [172.99133, 80.90037, 130.0592])
9:50_NUM
(191566, 1263, 0.0, [172.96436, 80.90099, 130.06303])
8:05_NUM
(199233, 1263, 0.0, [173.09079, 81.07331, 129.84538])
7:05_NUM
(218372, 1263, 0.0, [172.88368, 80.96977, 129.99739])
17:15_NUM
(156406, 1261, 0.0, [173.38176, 80.52365, 130.5679])
15:45_NUM
(186783, 1261, 0.0, [173.14175, 80.50795, 130.55383])
23:15_NUM
(274326, 1261, 0.0, [173.27194, 80.5326, 130.5553])
18:25_NUM
(276918, 1261, 0.0, [173.3156, 80.53772, 130.55571])
1966_NUM
(1138, 1257, 0.0, [162.66599, 41.04688, 111.58674])
1965_NUM
(1136, 1256, 0.0, [162.63591, 41.125084, 111.51345])
20th_ADJ
(1201, 1255, 0.0, [160.87662, 75.66583, 112.62154])
1963_NUM
(1233, 1252, 0.0, [161.99596, 42.387882, 110.274254])
11:50_NUM
(145819, 1245, 0.0, [173.04822, 80.88114, 130.1032])
12:50_NUM
(182333, 1245, 0.0, [172.9271, 80.82594, 130.15005])
10:55_NUM
(182965, 1245, 0.0, [172.89714, 80.81043, 130.14857])
11:55_NUM
(198713, 1245, 0.0, [173.09862, 80.88043, 130.10532])
198th_NOUN
(262595, 1245, 0.0, [174.31616, 54.152645, 94.08489])
21st_ADJ
(5474, 1240, 0.0, [160.65482, 75.86776, 112.78818])
135th_ADJ
(110869, 1237, 0.0, [173.34106, 53.93628, 93.81908])
131st_ADJ
(235838, 1237, 0.0, [173.3332, 53.97421, 93.84631])
midweek_ADJ
(46899, 1233, 0.0, [164.84427, 81.76501, 128.4461])
2:37_NUM
(263438, 1233, 0.0, [176.68355, 81.14861, 129.969])
11:59_NUM
(126385, 1232, 0.0, [172.18912, 81.09763, 129.78043])
wednesday_NOUN
(20353, 1227, 0.0, [165.09395, 81.671394, 128.61214])
Bank::Holidays_PROPN
(161884, 1227, 0.0, [165.12012, 81.62196, 128.51045])
1964_NUM
(1098, 1223, 0.0, [162.42151, 41.539387, 111.09105])
14:15_NUM
(171522, 1220, 0.0, [173.67297, 80.594826, 130.56677])
15:15_NUM
(173017, 1220, 0.0, [173.54893, 80.60228, 130.52242])
13:15_NUM
(181921, 1220, 0.0, [173.71669, 80.59064, 130.57779])
18:15_NUM
(184148, 1220, 0.0, [173.72359, 80.596924, 130.58199])
17:20_NUM
(188947, 1220, 0.0, [173.71472, 80.5991, 130.57115])
20:20_NUM
(189409, 1220, 0.0, [173.72224, 80.57075, 130.60521])
19:20_NUM
(189839, 1220, 0.0, [173.69469, 80.58615, 130.59111])
14:45_NUM
(198448, 1220, 0.0, [173.58232, 80.57227, 130.56827])
21:15_NUM
(200146, 1220, 0.0, [173.65604, 80.57549, 130.58357])
18:10_NUM
(202171, 1220, 0.0, [173.71637, 80.60856, 130.56366])
18:20_NUM
(211500, 1220, 0.0, [173.62807, 80.580376, 130.5753])
22:15_NUM
(213312, 1220, 0.0, [173.45703, 80.59664, 130.51857])
13:10_NUM
(231508, 1220, 0.0, [173.75029, 80.623535, 130.5618])
14:20_NUM
(236604, 1220, 0.0, [173.69948, 80.59114, 130.57303])
21:10_NUM
(243407, 1220, 0.0, [173.71657, 80.56456, 130.6108])
14:10_NUM
(244288, 1220, 0.0, [173.73659, 80.602036, 130.57045])
13:20_NUM
(254884, 1220, 0.0, [173.72816, 80.59894, 130.57193])
20:25_NUM
(281341, 1220, 0.0, [173.77133, 80.60291, 130.59485])
15:10_NUM
(285898, 1220, 0.0, [173.69406, 80.58492, 130.57959])
2:30_NUM
(31387, 1216, 0.0, [172.53503, 81.08527, 129.73074])
9:15_NUM
(82028, 1216, 0.0, [172.44737, 81.03853, 129.79512])
8:45_NUM
(88136, 1216, 0.0, [172.65416, 81.066635, 129.8129])
12:01_NUM
(112982, 1216, 0.0, [172.51588, 81.115234, 129.8225])
1:30_NUM
(32387, 1213, 0.0, [173.24142, 81.10226, 129.83313])
7:45_NUM
(75853, 1213, 0.0, [173.11192, 81.083336, 129.88492])
5:15_NUM
(78185, 1213, 0.0, [173.28156, 81.07583, 129.88608])
5:45_NUM
(88715, 1213, 0.0, [173.23407, 81.07283, 129.86508])
8:50_NUM
(159791, 1213, 0.0, [173.39365, 81.07955, 129.9274])
19:15_NUM
(161131, 1213, 0.0, [173.6177, 80.55667, 130.5918])
20:15_NUM
(163460, 1213, 0.0, [173.67393, 80.509026, 130.65791])
20:10_NUM
(228149, 1213, 0.0, [173.7318, 80.55931, 130.61804])
8:55_NUM
(230545, 1213, 0.0, [173.2679, 81.0295, 129.96678])
9:05_NUM
(251526, 1213, 0.0, [173.17468, 80.932785, 130.05885])
19th_ADJ
(1099, 1207, 0.0, [160.94917, 75.836975, 112.98985])
12:15_NUM
(78193, 1205, 0.0, [173.17162, 80.895485, 130.10634])
11:20_NUM
(110686, 1205, 0.0, [173.75575, 80.71395, 130.4492])
10:40_NUM
(113301, 1205, 0.0, [173.20448, 80.86649, 130.14433])
11:40_NUM
(114869, 1205, 0.0, [173.29091, 80.85561, 130.16058])
12:20_NUM
(129458, 1205, 0.0, [173.74461, 80.85817, 130.24728])
12:55_NUM
(182997, 1205, 0.0, [173.12637, 80.86615, 130.13318])
Sunday_PROPN
(1711, 1203, 0.0, [164.71779, 81.765205, 128.48741])
Saturday_PROPN
(2187, 1203, 0.0, [164.62494, 81.77841, 128.46518])
weekend_NOUN
(2556, 1203, 0.0, [164.52573, 81.85796, 128.27602])
Monday_PROPN
(3735, 1203, 0.0, [164.68504, 81.78121, 128.40804])
Wednesday_PROPN
(5202, 1203, 0.0, [164.77852, 81.75903, 128.48405])
Thursday_PROPN
(5214, 1203, 0.0, [164.64401, 81.80502, 128.45238])
Tuesday_PROPN
(5661, 1203, 0.0, [164.69067, 81.76888, 128.49574])
mid-week_NOUN
(64837, 1203, 0.0, [164.65324, 81.83402, 128.30165])
regularly-scheduled_ADJ
(247637, 1203, 0.0, [164.76761, 81.64377, 128.45639])
Friday_PROPN
(2957, 1197, 0.0, [164.74976, 81.75111, 128.5108])
even_VERB
(21978, 1197, 0.0, [164.73035, 81.764565, 128.50937])
nineteenth_ADJ
(5556, 1196, 0.0, [160.529, 75.98318, 112.97588])
3:30_NUM
(34008, 1186, 0.0, [172.99135, 81.099236, 129.77812])
8:15_NUM
(73420, 1186, 0.0, [172.8223, 81.13818, 129.74387])
daily_ADV
(5967, 1179, 0.0, [164.43716, 82.05929, 128.92142])
140th_ADJ
(90275, 1172, 0.0, [173.24088, 54.13439, 93.97198])
131st_NUM
(116690, 1172, 0.0, [173.4116, 54.10015, 93.923294])
129th_ADJ
(130289, 1172, 0.0, [173.27087, 54.20772, 94.03962])
133rd_ADJ
(172535, 1172, 0.0, [173.28767, 54.16336, 94.00235])
twentieth_ADJ
(5806, 1170, 0.0, [160.34311, 76.18293, 113.508545])
week-end_NOUN
(125910, 1164, 0.0, [163.6606, 82.011116, 128.31822])
296th_ADJ
(292355, 1163, 0.0, [173.69635, 54.29511, 94.03407])
4:45_NUM
(86423, 1143, 0.0, [173.44688, 81.10814, 129.86554])
8:20_NUM
(119999, 1143, 0.0, [173.69281, 81.08399, 129.973])
7:40_NUM
(132884, 1143, 0.0, [173.68243, 81.104836, 129.96721])
8:40_NUM
(147867, 1143, 0.0, [173.7048, 81.091576, 129.94826])
7:50_NUM
(148809, 1143, 0.0, [173.55882, 81.13117, 129.8885])
9:35_NUM
(224618, 1143, 0.0, [173.73245, 80.934006, 129.95132])
9:55_NUM
(274871, 1143, 0.0, [173.67303, 80.98653, 130.16446])
9:37_NUM
(285841, 1143, 0.0, [173.47256, 81.007095, 130.04694])
192nd_NOUN
(150780, 1133, 0.0, [174.76407, 54.149544, 94.181114])
194th_NOUN
(176233, 1133, 0.0, [174.5944, 54.1521, 94.147224])
16,200_NUM
(222266, 1127, 0.0, [187.6527, 26.926563, 146.32295])
25,600_NUM
(294812, 1127, 0.0, [187.50081, 26.9532, 146.38419])
19,800_NUM
(269582, 1126, 0.0, [187.45255, 27.052004, 146.31345])
22,000_NUM
(17637, 1115, 0.0, [186.93991, 27.309244, 146.31566])
28,000_NUM
(22723, 1115, 0.0, [186.93472, 27.37188, 146.30945])
19,000_NUM
(24283, 1115, 0.0, [186.79451, 27.43792, 146.28944])
16,500_NUM
(63974, 1115, 0.0, [187.10913, 27.174246, 146.38785])
20,500_NUM
(99106, 1115, 0.0, [187.30437, 27.198246, 146.26279])
24,500_NUM
(107545, 1115, 0.0, [187.16107, 27.290194, 146.29124])
16,800_NUM
(170237, 1115, 0.0, [186.86917, 27.53199, 146.15973])
14,600_NUM
(173843, 1115, 0.0, [187.02586, 27.31272, 146.32095])
21,600_NUM
(204167, 1115, 0.0, [187.09743, 27.23438, 146.30151])
17,300_NUM
(230022, 1115, 0.0, [186.78961, 27.361357, 146.37271])
15,700_NUM
(257759, 1115, 0.0, [187.09508, 27.086246, 146.43434])
17,700_NUM
(262615, 1115, 0.0, [187.11275, 27.086266, 146.43243])
28,800_NUM
(273854, 1115, 0.0, [187.27457, 27.114494, 146.3317])
18,400_NUM
(288981, 1115, 0.0, [187.21606, 26.990736, 146.46152])
19,600_NUM
(293041, 1115, 0.0, [187.25981, 27.159174, 146.31573])
130th_ADJ
(99793, 1110, 0.0, [173.17148, 54.38279, 94.16854])
126th_ADJ
(110797, 1110, 0.0, [173.24338, 54.33263, 94.132])
127th_ADJ
(110968, 1110, 0.0, [173.21487, 54.408367, 94.19199])
128th_ADJ
(112900, 1110, 0.0, [173.23853, 54.35127, 94.14974])
121st_ADJ
(185417, 1110, 0.0, [173.24236, 54.31006, 94.11475])
29,000_NUM
(37640, 1103, 0.0, [187.0518, 27.04944, 146.50487])
9,400_NUM
(123463, 1103, 0.0, [186.85194, 27.008793, 146.63094])
week-end_ADJ
(190642, 1101, 0.0, [163.01889, 82.25898, 128.3092])
21,000_NUM
(22372, 1097, 0.0, [187.25894, 26.6873, 146.73055])
12,500_NUM
(31148, 1097, 0.0, [187.24524, 26.917595, 146.53392])
9,100_NUM
(155209, 1097, 0.0, [187.20853, 26.635607, 146.78722])
14,300_NUM
(193104, 1097, 0.0, [187.324, 26.654623, 146.72337])
15,400_NUM
(211186, 1097, 0.0, [187.10146, 26.806276, 146.66599])
19,200_NUM
(221998, 1097, 0.0, [187.19456, 26.833212, 146.61925])
16,700_NUM
(231342, 1097, 0.0, [187.23544, 26.832516, 146.58746])
12,100_NUM
(246924, 1097, 0.0, [187.1491, 26.83901, 146.6159])
18,300_NUM
(253375, 1097, 0.0, [187.09425, 26.72843, 146.75348])
19,700_NUM
(273150, 1088, 0.0, [187.55505, 26.605804, 146.58482])
24,000_NUM
(20124, 1080, 0.0, [186.8048, 27.265923, 146.42511])
33,000_NUM
(28068, 1080, 0.0, [186.97125, 27.240564, 146.42738])
15,500_NUM
(82136, 1080, 0.0, [186.91895, 27.2532, 146.42781])
183rd_NOUN
(145677, 1075, 0.0, [174.60144, 54.537064, 94.180405])
13,400_NUM
(200162, 1068, 0.0, [187.25415, 26.55317, 146.76372])
16,100_NUM
(277142, 1068, 0.0, [187.31036, 26.570948, 146.76524])
13,900_NUM
(285144, 1068, 0.0, [187.41484, 26.61458, 146.80621])
17,000_NUM
(15188, 1066, 0.0, [186.62204, 27.456825, 146.36662])
36,000_NUM
(27067, 1066, 0.0, [186.72263, 27.52282, 146.24255])
57,000_NUM
(51397, 1066, 0.0, [186.61893, 27.554844, 146.27837])
49,000_NUM
(59583, 1066, 0.0, [186.70335, 27.55496, 146.28464])
18,500_NUM
(69708, 1066, 0.0, [186.65158, 27.57095, 146.24889])
71,000_NUM
(76077, 1066, 0.0, [186.6864, 27.62623, 146.31776])
15,600_NUM
(181798, 1066, 0.0, [186.5457, 27.608383, 146.26228])
18,600_NUM
(222194, 1066, 0.0, [186.70987, 27.400953, 146.34723])
11,000_NUM
(12092, 1061, 0.0, [187.16824, 26.38803, 147.02133])
10,500_NUM
(43368, 1061, 0.0, [187.23494, 26.357773, 147.01889])
13,500_NUM
(47693, 1061, 0.0, [187.29427, 26.46585, 146.87671])
11,500_NUM
(49234, 1061, 0.0, [187.17516, 26.44529, 146.96732])
14,500_NUM
(60436, 1061, 0.0, [187.21579, 26.442917, 146.94295])
8,600_NUM
(88509, 1061, 0.0, [187.18275, 26.48076, 146.93242])
8,300_NUM
(91276, 1061, 0.0, [187.14688, 26.494562, 146.90717])
19,500_NUM
(97487, 1061, 0.0, [187.65094, 27.272722, 146.05006])
9,800_NUM
(102509, 1061, 0.0, [187.19351, 26.42176, 147.0195])
10,200_NUM
(112079, 1061, 0.0, [187.20738, 26.40444, 146.98972])
9,700_NUM
(127761, 1061, 0.0, [187.20773, 26.30892, 147.03493])
11,700_NUM
(128831, 1061, 0.0, [187.09418, 26.4086, 147.04893])
11,200_NUM
(139341, 1061, 0.0, [187.40475, 26.340763, 146.92416])
13,800_NUM
(160303, 1061, 0.0, [187.16974, 26.407497, 147.00812])
12,400_NUM
(160658, 1061, 0.0, [187.11142, 26.53385, 146.93845])
12,300_NUM
(166335, 1061, 0.0, [187.13857, 26.53192, 146.9178])
13,300_NUM
(187601, 1061, 0.0, [187.17906, 26.597607, 146.84573])
12,200_NUM
(188141, 1061, 0.0, [187.42313, 26.37458, 146.90758])
10,100_NUM
(194432, 1061, 0.0, [187.23074, 26.368134, 147.05951])
14,700_NUM
(194962, 1061, 0.0, [187.1099, 26.618444, 146.87268])
14,800_NUM
(196055, 1061, 0.0, [187.15514, 26.597584, 146.84232])
16,400_NUM
(198022, 1061, 0.0, [187.287, 26.34239, 146.91551])
17,800_NUM
(203949, 1061, 0.0, [187.22958, 26.588543, 146.8588])
14,200_NUM
(222326, 1061, 0.0, [187.28261, 26.435596, 146.8861])
15,300_NUM
(223791, 1061, 0.0, [187.24014, 26.45133, 146.90889])
17,400_NUM
(250590, 1061, 0.0, [187.21704, 26.46669, 146.95056])
18,000_NUM
(12746, 1059, 0.0, [187.0498, 26.716507, 146.83508])
16,000_NUM
(13168, 1059, 0.0, [187.04332, 26.69232, 146.83644])
7,500_NUM
(18630, 1059, 0.0, [186.8922, 26.723984, 146.98161])
2:45_NUM
(92920, 1059, 0.0, [173.56746, 81.2318, 129.75511])
10,300_NUM
(127130, 1059, 0.0, [187.06268, 26.6823, 146.82962])
14,400_NUM
(166742, 1059, 0.0, [186.98254, 26.6616, 146.8139])
7:35_NUM
(185292, 1059, 0.0, [173.72778, 81.3051, 129.78146])
15,800_NUM
(212298, 1059, 0.0, [186.99004, 26.68765, 146.81119])
late-night_ADJ
(18458, 1058, 0.0, [167.09904, 81.1392, 127.75534])
23,000_NUM
(21559, 1058, 0.0, [186.57443, 27.63474, 146.2061])
26,000_NUM
(23215, 1058, 0.0, [186.62737, 27.644684, 146.18005])
12.000_NUM
(200179, 1057, 0.0, [186.4968, 27.04123, 147.07077])
9,600_NUM
(86815, 1055, 0.0, [186.95828, 26.780937, 146.57896])
11,600_NUM
(154358, 1055, 0.0, [186.93349, 26.9027, 146.71765])
11,300_NUM
(163303, 1055, 0.0, [187.08072, 26.69742, 146.80656])
17,600_NUM
(203890, 1055, 0.0, [186.99986, 26.953794, 146.59343])
33rd_ADJ
(11957, 1054, 0.0, [171.56065, 59.82881, 98.51213])
42nd_PROPN
(13028, 1054, 0.0, [171.52208, 59.79095, 98.429565])
36th_ADJ
(13506, 1054, 0.0, [171.47214, 59.89453, 98.514435])
38th_ADJ
(13846, 1054, 0.0, [171.49467, 59.82567, 98.445526])
39th_ADJ
(14593, 1054, 0.0, [171.47874, 59.874546, 98.49201])
45th_ADJ
(15935, 1054, 0.0, [171.50005, 59.768337, 98.36413])
49th_ADJ
(16457, 1054, 0.0, [171.53027, 59.724987, 98.335396])
51st_ADJ
(17134, 1054, 0.0, [171.58168, 59.59613, 98.21114])
52nd_ADJ
(17463, 1054, 0.0, [171.57008, 59.617374, 98.231094])
44th_ADJ
(17595, 1054, 0.0, [171.5349, 59.71375, 98.33252])
43rd_ADJ
(17906, 1054, 0.0, [171.53401, 59.736473, 98.36182])
48th_ADJ
(18848, 1054, 0.0, [171.56897, 59.623627, 98.23698])
43rd_NUM
(73613, 1054, 0.0, [171.56145, 59.796146, 98.51471])
51st_NUM
(105877, 1054, 0.0, [171.61365, 59.708435, 98.480995])
39th_NUM
(161505, 1054, 0.0, [171.61859, 59.73404, 98.51117])
36th_NUM
(173218, 1054, 0.0, [171.5985, 59.766735, 98.53906])
44th_NUM
(240449, 1054, 0.0, [171.61212, 59.742077, 98.523186])
49th_NUM
(250543, 1054, 0.0, [171.63916, 59.67956, 98.46952])
48th_NUM
(290433, 1054, 0.0, [171.59767, 59.76413, 98.534904])
47th_NUM
(291263, 1054, 0.0, [171.59935, 59.75413, 98.52946])
74th_NUM
(296385, 1054, 0.0, [171.67249, 59.61887, 98.47305])
17,500_NUM
(43474, 1050, 0.0, [187.55487, 27.574947, 145.86717])
23,500_NUM
(108082, 1050, 0.0, [187.73976, 27.430714, 145.89723])
17,200_NUM
(245258, 1049, 0.0, [187.50063, 26.374924, 146.81293])
8,000_NUM
(8012, 1046, 0.0, [186.98149, 26.565163, 147.08897])
7,000_NUM
(8836, 1046, 0.0, [187.06282, 26.39454, 147.14049])
14,000_NUM
(12809, 1046, 0.0, [187.08022, 26.5843, 146.99347])
13,000_NUM
(13021, 1046, 0.0, [187.08698, 26.629135, 146.87018])
12,800_NUM
(121299, 1046, 0.0, [187.07623, 26.599466, 146.92464])
12,600_NUM
(123559, 1046, 0.0, [187.03448, 26.58529, 146.99425])
4,000_NUM
(5804, 1044, 0.0, [186.94954, 26.420767, 147.33821])
6,000_NUM
(6840, 1044, 0.0, [186.95409, 26.426117, 147.37604])
29th_NOUN
(55398, 1044, 0.0, [166.07603, 68.62024, 106.11935])
15,200_NUM
(197180, 1043, 0.0, [186.78552, 27.36921, 146.13806])
32nd_NUM
(44798, 1042, 0.0, [171.52846, 59.87871, 98.59049])
34th_NUM
(140790, 1042, 0.0, [171.57513, 59.817966, 98.57158])
38th_NUM
(170427, 1042, 0.0, [171.5423, 59.86801, 98.61137])
37th_ADJ
(13230, 1037, 0.0, [171.59685, 59.586082, 98.25179])
41st_NUM
(15233, 1037, 0.0, [171.5987, 59.57839, 98.26276])
121st_NUM
(101459, 1037, 0.0, [173.25237, 54.528076, 94.26225])
72nd_NUM
(101829, 1037, 0.0, [171.70964, 59.446404, 98.22664])
124th_ADJ
(105319, 1037, 0.0, [173.25269, 54.44549, 94.22819])
123rd_ADJ
(129729, 1037, 0.0, [173.16727, 54.582092, 94.32423])
122nd_ADJ
(142928, 1037, 0.0, [173.17715, 54.539825, 94.291214])
63rd_NUM
(169367, 1037, 0.0, [171.68199, 59.551014, 98.35337])
82nd_NUM
(205166, 1037, 0.0, [171.75209, 59.488403, 98.32383])
92nd_NUM
(217646, 1037, 0.0, [171.75215, 59.420506, 98.26208])
93rd_NUM
(261405, 1037, 0.0, [171.62247, 59.588444, 98.42766])
4,500_NUM
(16129, 1032, 0.0, [187.32037, 26.052544, 147.18994])
6,500_NUM
(23897, 1032, 0.0, [187.1446, 26.099346, 147.17691])
8,500_NUM
(28831, 1032, 0.0, [187.26534, 26.09367, 147.22038])
7,800_NUM
(75076, 1032, 0.0, [187.26521, 26.103437, 147.17604])
7,600_NUM
(81358, 1032, 0.0, [187.3168, 26.01196, 147.22609])
8,400_NUM
(92270, 1032, 0.0, [187.29404, 26.03797, 147.20818])
8,100_NUM
(112949, 1032, 0.0, [187.27339, 26.101164, 147.18968])
10,400_NUM
(119081, 1032, 0.0, [187.1325, 26.258196, 147.17314])
12,700_NUM
(163720, 1032, 0.0, [187.18921, 26.246126, 147.29602])
196th_NOUN
(201772, 1032, 0.0, [174.64142, 54.25404, 94.2447])
10,900_NUM
(208907, 1032, 0.0, [187.16394, 26.378754, 147.2026])
195th_NOUN
(212343, 1032, 0.0, [174.7534, 54.209946, 94.22655])
197th_NOUN
(224567, 1032, 0.0, [174.57014, 54.250187, 94.22573])
12,000_NUM
(7698, 1031, 0.0, [186.8512, 26.683037, 147.25505])
18,200_NUM
(267246, 1027, 0.0, [187.42628, 26.025717, 147.18831])
21st_NUM
(6664, 1025, 0.0, [170.87943, 60.991264, 99.5079])
26th_ADJ
(8397, 1025, 0.0, [170.92091, 60.924694, 99.4451])
27th_ADJ
(8622, 1025, 0.0, [171.25357, 60.42769, 99.056915])
28th_ADJ
(8870, 1025, 0.0, [171.21745, 60.477253, 99.07803])
29th_ADJ
(10023, 1025, 0.0, [171.25786, 60.37245, 98.98096])
31st_NUM
(14248, 1025, 0.0, [171.29112, 60.316402, 98.96673])
31st_ADJ
(18184, 1025, 0.0, [171.2155, 60.400814, 98.98227])
11,400_NUM
(152546, 1025, 0.0, [187.04922, 26.63116, 146.77533])
overall_ADV
(4209, 1024, 0.0, [172.79675, 53.548664, 93.12101])
9,000_NUM
(12318, 1024, 0.0, [187.24554, 26.24692, 147.10376])
overall_NOUN
(19071, 1024, 0.0, [173.06837, 53.30906, 93.08501])
9,500_NUM
(46458, 1024, 0.0, [187.26193, 26.265223, 147.08215])
6,300_NUM
(66535, 1024, 0.0, [187.37955, 26.09215, 147.04086])
8,700_NUM
(98132, 1024, 0.0, [187.19115, 26.290586, 147.08113])
7,100_NUM
(109122, 1024, 0.0, [187.19594, 26.047632, 146.99109])
9,300_NUM
(117274, 1024, 0.0, [187.34827, 26.07063, 147.14265])
11,800_NUM
(141143, 1024, 0.0, [187.39288, 26.149942, 147.00468])
9,900_NUM
(167781, 1024, 0.0, [187.32552, 26.13994, 147.09497])
13,700_NUM
(184185, 1024, 0.0, [187.36726, 26.22968, 147.01215])
12,900_NUM
(199404, 1024, 0.0, [187.24913, 26.289814, 147.05965])
11,900_NUM
(236169, 1024, 0.0, [187.29907, 26.18711, 147.05281])
11,100_NUM
(237190, 1024, 0.0, [187.39444, 26.154516, 147.05228])
16,600_NUM
(256425, 1024, 0.0, [187.33488, 26.17227, 147.08208])
117th_ADJ
(65893, 1023, 0.0, [173.12048, 54.757675, 94.44386])
5,000_NUM
(4026, 1019, 0.0, [186.51553, 26.887663, 147.41365])
3,000_NUM
(4409, 1019, 0.0, [186.59422, 26.72925, 147.43968])
5.000_NUM
(124996, 1019, 0.0, [186.49547, 26.803453, 147.40602])
15.000_NUM
(134906, 1019, 0.0, [186.53094, 26.938227, 147.15503])
3.000_NUM
(138921, 1019, 0.0, [186.48288, 26.797626, 147.4384])
2.000_NUM
(155621, 1019, 0.0, [186.55913, 26.68716, 147.44754])
1.500_NUM
(173094, 1019, 0.0, [186.50186, 26.758116, 147.4609])
6.000_NUM
(215930, 1019, 0.0, [186.4749, 26.92965, 147.24141])
14.000_NUM
(278577, 1019, 0.0, [186.60098, 26.792013, 147.23076])
25th_ADJ
(5801, 1018, 0.0, [170.89655, 60.83482, 99.22467])
24th_ADJ
(7321, 1018, 0.0, [170.97362, 60.83463, 99.36374])
ardha_X
(280065, 1018, 0.0, [169.14703, 82.0503, 130.2072])
22,800_NUM
(280505, 1015, 0.0, [187.9235, 27.378414, 145.86322])
23rd_ADJ
(7686, 1012, 0.0, [170.73991, 61.205257, 99.68406])
22nd_ADJ
(8395, 1012, 0.0, [170.71162, 61.247368, 99.7677])
61st_NUM
(58166, 1012, 0.0, [171.89772, 58.729156, 97.51862])
35th_ADJ
(11653, 1009, 0.0, [171.36778, 59.998123, 98.550644])
34th_ADJ
(13959, 1009, 0.0, [171.4156, 59.994675, 98.601166])
32nd_ADJ
(14638, 1009, 0.0, [171.3908, 60.04569, 98.646805])
41st_ADJ
(116476, 1009, 0.0, [171.31613, 60.183228, 98.776794])
32nd_VERB
(282841, 1009, 0.0, [171.43445, 60.04761, 98.78082])
57th_ADJ
(16570, 1007, 0.0, [171.60313, 59.53032, 98.15803])
53rd_NUM
(16844, 1007, 0.0, [171.61075, 59.52272, 98.153625])
55th_ADJ
(17048, 1007, 0.0, [171.62227, 59.39433, 98.0022])
56th_ADJ
(18348, 1007, 0.0, [171.62018, 59.44851, 98.065674])
54th_ADJ
(18505, 1007, 0.0, [171.58212, 59.57419, 98.18627])
47th_ADJ
(18715, 1007, 0.0, [171.61403, 59.489388, 98.11049])
46th_ADJ
(19102, 1007, 0.0, [171.56094, 59.57496, 98.16568])
59th_ADJ
(19989, 1007, 0.0, [171.60797, 59.36969, 97.95699])
58th_ADJ
(20182, 1007, 0.0, [171.60786, 59.449, 98.053444])
73rd_NUM
(95896, 1007, 0.0, [171.71722, 59.345367, 98.094124])
31st_NOUN
(223802, 1007, 0.0, [172.78424, 58.58736, 97.76199])
62nd_ADJ
(21785, 1005, 0.0, [171.6566, 58.991875, 97.57046])
66th_ADJ
(21908, 1005, 0.0, [171.62965, 59.05475, 97.59674])
64th_ADJ
(22644, 1005, 0.0, [171.63655, 59.01093, 97.56746])
63rd_ADJ
(22671, 1005, 0.0, [171.61763, 59.09663, 97.6445])
69th_ADJ
(22818, 1005, 0.0, [171.64224, 58.99165, 97.547585])
67th_ADJ
(23411, 1005, 0.0, [171.61923, 59.06441, 97.61246])
68th_ADJ
(24091, 1005, 0.0, [171.60982, 59.03221, 97.56728])
71st_NUM
(28610, 1005, 0.0, [171.55237, 59.08315, 97.615746])
30th_ADJ
(7271, 1000, 0.0, [171.02075, 60.56111, 99.02588])
10th_NOUN
(36250, 1000, 0.0, [165.38142, 69.71488, 107.06486])
7th_NOUN
(67884, 1000, 0.0, [165.2824, 69.76024, 107.15762])
