Kuyavian-Pomeranian::Voivodeship_PROPN
(17432, 57096, 1.0, [77.36511, 105.46924, 220.6497])
Świętokrzyskie::Voivodeship_PROPN
(21423, 57096, 0.0, [77.38434, 105.45103, 220.62927])
Kielce::County_PROPN
(73800, 57096, 0.0, [77.39877, 105.45027, 220.64548])
Włocławek::County_PROPN
(75433, 57096, 0.0, [77.38213, 105.47071, 220.67616])
Końskie::County_PROPN
(107598, 57096, 0.0, [77.397964, 105.45225, 220.65282])
Jędrzejów::County_PROPN
(108421, 57096, 0.0, [77.399216, 105.45074, 220.65298])
Opatów::County_PROPN
(112729, 57096, 0.0, [77.40041, 105.45155, 220.65001])
Busko::County_PROPN
(115149, 57096, 1.0, [77.45851, 105.38039, 220.51704])
Inowrocław::County_PROPN
(116857, 57096, 0.0, [77.384, 105.470245, 220.67664])
Świecie::County_PROPN
(118673, 57096, 0.0, [77.382706, 105.47, 220.6855])
Lipno::County_PROPN
(119386, 57096, 0.0, [77.38192, 105.47074, 220.68568])
Bydgoszcz::County_PROPN
(122621, 57096, 0.0, [77.386826, 105.479836, 220.66087])
Brodnica::County_PROPN
(123651, 57096, 0.0, [77.38348, 105.471054, 220.68114])
Żnin::County_PROPN
(126220, 57096, 0.0, [77.3827, 105.470955, 220.68562])
Nakło::County_PROPN
(126536, 57096, 0.0, [77.382484, 105.4709, 220.68546])
Sandomierz::County_PROPN
(127047, 57096, 0.0, [77.39756, 105.452385, 220.65137])
Staszów::County_PROPN
(128424, 57096, 0.0, [77.39492, 105.458046, 220.66241])
Tuchola::County_PROPN
(129931, 57096, 0.0, [77.38253, 105.47077, 220.68102])
Toruń::County_PROPN
(131526, 57096, 0.0, [77.38313, 105.471115, 220.68486])
Radziejów::County_PROPN
(135731, 57096, 0.0, [77.384575, 105.47015, 220.67784])
Włoszczowa::County_PROPN
(140183, 57096, 0.0, [77.40022, 105.45004, 220.6496])
Mogilno::County_PROPN
(147502, 57096, 0.0, [77.38568, 105.4708, 220.67896])
Pińczów::County_PROPN
(147640, 57096, 0.0, [77.39841, 105.45358, 220.65515])
Aleksandrów::County_PROPN
(162578, 57096, 0.0, [77.38319, 105.471016, 220.68326])
Grudziądz::County_PROPN
(170402, 57096, 0.0, [77.38355, 105.471, 220.68604])
Kazimierza::County_PROPN
(171181, 57096, 0.0, [77.404526, 105.44841, 220.64297])
Rypin::County_PROPN
(176189, 57096, 0.0, [77.385124, 105.47034, 220.67561])
Sępólno::County_PROPN
(178915, 57096, 0.0, [77.38718, 105.46827, 220.66731])
Golub-Dobrzyń::County_PROPN
(180823, 57096, 0.0, [77.384186, 105.47062, 220.68228])
Ostrowiec::County_PROPN
(181236, 57096, 0.0, [77.399956, 105.45213, 220.65082])
Chełmno::County_PROPN
(215560, 57096, 0.0, [77.383644, 105.47135, 220.68443])
Wąbrzeźno::County_PROPN
(238731, 57096, 0.0, [77.384, 105.471054, 220.6839])
Starachowice::County_PROPN
(240976, 57096, 0.0, [77.40342, 105.451996, 220.64725])
Gmina::Rogowo_PROPN
(293116, 57096, 0.0, [77.40107, 105.460495, 220.59853])
32.10_NUM
(251294, 2138, 1.0, [100.111855, 101.90509, 5.10213])
household_NOUN
(474, 2036, 0.0, [100.43332, 101.536964, 4.79192])
24.50_NUM
(132854, 2036, 0.0, [100.524506, 101.54182, 4.70394])
24.20_NUM
(153990, 2036, 0.0, [100.442604, 101.6254, 4.73519])
28.50_NUM
(158791, 2036, 0.0, [100.24299, 101.80814, 4.9432])
28.30_NUM
(182935, 2036, 0.0, [100.23334, 101.82091, 4.79404])
29.20_NUM
(185963, 2036, 0.0, [100.48605, 101.5375, 4.72504])
31.50_NUM
(194086, 2036, 0.0, [100.48761, 101.53787, 4.72393])
30.40_NUM
(224497, 2036, 0.0, [100.46388, 101.55673, 4.75368])
30.90_NUM
(236898, 2036, 0.0, [100.47951, 101.546295, 4.74916])
30.80_NUM
(244195, 2036, 0.0, [100.36383, 101.648895, 4.811325])
31.80_NUM
(257417, 2036, 0.0, [100.39694, 101.62108, 4.82125])
31.70_NUM
(282590, 2036, 0.0, [100.4713, 101.55261, 4.72584])
32.40_NUM
(283054, 2036, 0.0, [100.4764, 101.542305, 4.73916])
22.50_NUM
(133195, 2033, 0.0, [100.22439, 101.84814, 5.05404])
non-family_ADJ
(91484, 1933, 0.0, [100.45547, 101.53427, 4.93171])
30.20_NUM
(203730, 1933, 0.0, [100.53623, 101.49635, 4.674])
29.60_NUM
(207926, 1933, 0.0, [100.52546, 101.49994, 4.68641])
30.70_NUM
(230223, 1933, 0.0, [100.50735, 101.51835, 4.70391])
31.10_NUM
(236064, 1933, 0.0, [100.50259, 101.525856, 4.69516])
34.00_NUM
(236982, 1933, 0.0, [100.53329, 101.4949, 4.69107])
30.30_NUM
(240457, 1933, 0.0, [100.52674, 101.501274, 4.66991])
30.60_NUM
(263134, 1933, 0.0, [100.51325, 101.50528, 4.707355])
32.60_NUM
(263553, 1933, 0.0, [100.49153, 101.5308, 4.72164])
31.30_NUM
(271532, 1933, 0.0, [100.493965, 101.52402, 4.73652])
32.30_NUM
(278221, 1933, 0.0, [100.48112, 101.53205, 4.74877])
32.20_NUM
(284769, 1933, 0.0, [100.52262, 101.500786, 4.6998])
31.20_NUM
(212543, 1578, 0.0, [100.53805, 101.489525, 4.679565])
30.10_NUM
(222200, 1578, 0.0, [100.54, 101.48704, 4.66147])
31.40_NUM
(256201, 1578, 0.0, [100.56224, 101.4625, 4.68168])
36.00_NUM
(258111, 1578, 0.0, [100.56382, 101.46902, 4.68426])
32.80_NUM
(273625, 1578, 0.0, [100.56088, 101.46226, 4.67375])
5.80_NUM
(115894, 1568, 0.0, [102.729645, 98.71906, 3.14466])
30.00_NUM
(110766, 1547, 0.0, [100.820045, 101.24416, 4.50883])
27.00_NUM
(128337, 1547, 0.0, [100.71226, 101.344604, 4.51479])
23.50_NUM
(133030, 1547, 0.0, [100.76255, 101.30614, 4.50569])
27.50_NUM
(133310, 1547, 0.0, [100.73684, 101.32074, 4.50461])
26.00_NUM
(133411, 1547, 0.0, [100.79472, 101.269684, 4.47864])
25.50_NUM
(136128, 1547, 0.0, [100.76321, 101.29989, 4.48904])
28.00_NUM
(140879, 1547, 0.0, [100.68585, 101.363235, 4.53936])
26.20_NUM
(143098, 1547, 0.0, [100.72479, 101.33717, 4.50783])
22.40_NUM
(144731, 1547, 0.0, [100.82435, 101.245995, 4.43423])
24.10_NUM
(146873, 1547, 0.0, [100.79261, 101.27919, 4.49284])
25.80_NUM
(147034, 1547, 0.0, [100.80907, 101.25639, 4.44037])
26.50_NUM
(147257, 1547, 0.0, [100.79864, 101.2663, 4.439535])
23.60_NUM
(147312, 1547, 0.0, [100.63707, 101.43404, 4.6544])
25.40_NUM
(148915, 1547, 0.0, [100.711624, 101.35099, 4.51466])
23.70_NUM
(149366, 1547, 0.0, [100.775246, 101.30231, 4.47959])
24.60_NUM
(149456, 1547, 0.0, [100.80889, 101.25682, 4.44029])
26.80_NUM
(154635, 1547, 0.0, [100.63601, 101.41623, 4.5565])
25.30_NUM
(154902, 1547, 0.0, [100.76465, 101.3007, 4.48011])
29.00_NUM
(154911, 1547, 0.0, [100.62983, 101.41552, 4.56541])
25.20_NUM
(155264, 1547, 0.0, [100.77862, 101.286674, 4.4667])
27.60_NUM
(155302, 1547, 0.0, [100.72243, 101.33772, 4.49708])
26.10_NUM
(155965, 1547, 0.0, [100.72412, 101.335266, 4.48734])
26.90_NUM
(155966, 1547, 0.0, [100.69254, 101.36331, 4.50854])
26.30_NUM
(156147, 1547, 0.0, [100.703705, 101.3558, 4.50566])
24.40_NUM
(156220, 1547, 0.0, [100.79137, 101.277756, 4.4661])
26.40_NUM
(157294, 1547, 0.0, [100.65722, 101.39459, 4.54])
27.10_NUM
(158006, 1547, 0.0, [100.68826, 101.367485, 4.51858])
25.60_NUM
(158102, 1547, 0.0, [100.777565, 101.286995, 4.45656])
28.20_NUM
(158665, 1547, 0.0, [100.610085, 101.43939, 4.56736])
25.10_NUM
(159161, 1547, 0.0, [100.787506, 101.27794, 4.45497])
26.70_NUM
(160047, 1547, 0.0, [100.73275, 101.32384, 4.494])
23.10_NUM
(161200, 1547, 0.0, [100.8356, 101.23216, 4.42282])
23.90_NUM
(161266, 1547, 0.0, [100.80431, 101.25906, 4.43511])
27.90_NUM
(162042, 1547, 0.0, [100.628395, 101.4164, 4.54534])
27.70_NUM
(162821, 1547, 0.0, [100.63038, 101.420586, 4.55288])
24.90_NUM
(162844, 1547, 0.0, [100.82521, 101.237816, 4.42165])
27.40_NUM
(163571, 1547, 0.0, [100.61679, 101.42899, 4.57438])
27.30_NUM
(163874, 1547, 0.0, [100.69262, 101.362305, 4.51142])
28.70_NUM
(165242, 1547, 0.0, [100.62053, 101.424515, 4.57035])
28.60_NUM
(166407, 1547, 0.0, [100.6977, 101.35365, 4.51399])
28.10_NUM
(169517, 1547, 0.0, [100.64109, 101.411446, 4.55167])
26.60_NUM
(169620, 1547, 0.0, [100.71643, 101.34519, 4.51007])
25.90_NUM
(173336, 1547, 0.0, [100.70877, 101.35179, 4.5118])
27.20_NUM
(173433, 1547, 0.0, [100.63425, 101.41474, 4.56142])
29.80_NUM
(181241, 1547, 0.0, [100.604225, 101.4407, 4.58705])
28.40_NUM
(182830, 1547, 0.0, [100.56489, 101.47688, 4.61431])
27.80_NUM
(184120, 1547, 0.0, [100.658, 101.39282, 4.54109])
29.50_NUM
(185650, 1547, 0.0, [100.634026, 101.412964, 4.56405])
21.90_NUM
(187219, 1547, 0.0, [100.851746, 101.21673, 4.42475])
28.80_NUM
(189009, 1547, 0.0, [100.729225, 101.30608, 4.51644])
31.00_NUM
(191455, 1547, 0.0, [100.72321, 101.29343, 4.57905])
32.00_NUM
(192934, 1547, 0.0, [100.60513, 101.427574, 4.64824])
29.90_NUM
(196795, 1547, 0.0, [100.57218, 101.46305, 4.63306])
29.10_NUM
(197407, 1547, 0.0, [100.56643, 101.480316, 4.61291])
29.30_NUM
(198948, 1547, 0.0, [100.5912, 101.45499, 4.588575])
28.90_NUM
(199807, 1547, 0.0, [100.56471, 101.480545, 4.61689])
33.00_NUM
(200767, 1547, 0.0, [100.586006, 101.44601, 4.65274])
30.50_NUM
(203848, 1547, 0.0, [100.555824, 101.47644, 4.64869])
32.50_NUM
(205636, 1547, 0.0, [100.66567, 101.36941, 4.58688])
29.70_NUM
(217485, 1547, 0.0, [100.56886, 101.47065, 4.61847])
29.40_NUM
(234031, 1547, 0.0, [100.65355, 101.40441, 4.55431])
33.50_NUM
(256099, 1547, 0.0, [100.55322, 101.47185, 4.66039])
20-64_NUM
(266735, 1547, 0.0, [100.72235, 101.24474, 4.64127])
tax-rate_NOUN
(276703, 1547, 0.0, [100.81454, 101.273125, 4.61918])
51.00_NUM
(292156, 1547, 0.0, [100.666336, 101.36909, 4.60433])
3.40_NUM
(70556, 1478, 0.0, [107.17294, 95.95532, 3.46074])
25.00_NUM
(87814, 1478, 0.0, [100.883965, 101.18801, 4.45204])
24.00_NUM
(104715, 1478, 0.0, [100.910545, 101.163, 4.38364])
50.00_NUM
(114839, 1478, 0.0, [101.05823, 101.0243, 4.47675])
24.80_NUM
(147740, 1478, 0.0, [100.87348, 101.193405, 4.41054])
25.70_NUM
(148449, 1478, 0.0, [100.889496, 101.17736, 4.38408])
24.30_NUM
(150226, 1478, 0.0, [100.90601, 101.16508, 4.38636])
23.20_NUM
(154169, 1478, 0.0, [100.891914, 101.176956, 4.38764])
23.80_NUM
(157501, 1478, 0.0, [100.90695, 101.16289, 4.38013])
23.40_NUM
(158074, 1478, 0.0, [100.89876, 101.1718, 4.39028])
22.60_NUM
(166269, 1478, 0.0, [100.93426, 101.13373, 4.35457])
24.70_NUM
(167298, 1478, 0.0, [100.89904, 101.169754, 4.38587])
22.70_NUM
(167312, 1478, 0.0, [100.90547, 101.16238, 4.37516])
22.10_NUM
(174409, 1478, 0.0, [100.9269, 101.1422, 4.35833])
22.90_NUM
(179036, 1478, 0.0, [100.90161, 101.16791, 4.38359])
60.00_NUM
(192425, 1478, 0.0, [100.915764, 101.144226, 4.51855])
40.00_NUM
(192470, 1478, 0.0, [100.96709, 101.0963, 4.48721])
pensionable_ADJ
(269192, 1478, 0.0, [101.07859, 100.95273, 4.57375])
45.00_NUM
(276727, 1478, 0.0, [100.88077, 101.172775, 4.52561])
37.50_NUM
(280062, 1478, 0.0, [101.10368, 100.95624, 4.37562])
75.00_NUM
(286561, 1478, 0.0, [100.894455, 101.17507, 4.55608])
2.99_NUM
(36161, 1451, 0.0, [107.17056, 96.2436, 3.25053])
10.02_NUM
(248398, 1451, 0.0, [109.70738, 90.76061, 0.02181])
6.00_NUM
(48293, 1442, 0.0, [103.90267, 98.744965, 4.11103])
4.30_NUM
(63002, 1442, 0.0, [103.93487, 98.66856, 4.01423])
3.00_NUM
(24739, 1430, 0.0, [106.92067, 96.53742, 3.83275])
3.30_NUM
(53712, 1430, 0.0, [106.926636, 96.45465, 3.72678])
33.33_NUM
(178393, 1429, 0.0, [109.86441, 90.705925, 0.065])
3.50_NUM
(49361, 1427, 0.0, [106.79751, 96.68196, 4.10999])
35.00_NUM
(186294, 1421, 0.0, [100.86107, 101.19615, 4.52031])
6.30_NUM
(52790, 1420, 0.0, [103.34946, 99.20117, 4.10286])
5.30_NUM
(55000, 1420, 0.0, [103.454414, 99.12809, 4.1405])
2.87_NUM
(39315, 1419, 0.0, [107.19263, 95.7816, 3.23341])
2.95_NUM
(34175, 1413, 0.0, [107.43552, 96.08154, 3.50153])
2.93_NUM
(34257, 1413, 0.0, [107.48641, 96.04145, 3.47774])
2.97_NUM
(34974, 1413, 0.0, [107.3859, 95.993645, 3.35832])
2.94_NUM
(35014, 1413, 0.0, [107.453735, 96.10759, 3.53093])
2.91_NUM
(35231, 1413, 0.0, [107.413536, 96.19055, 3.58286])
2.88_NUM
(35489, 1413, 0.0, [107.43213, 96.066536, 3.48036])
2.83_NUM
(36417, 1413, 0.0, [107.444626, 96.08961, 3.50954])
2.96_NUM
(36505, 1413, 0.0, [107.4503, 96.08898, 3.49616])
2.90_NUM
(36621, 1413, 0.0, [107.447685, 96.096756, 3.51242])
2.92_NUM
(36760, 1413, 0.0, [107.44605, 96.11137, 3.52303])
3.04_NUM
(36817, 1413, 0.0, [107.38363, 95.96328, 3.34788])
2.85_NUM
(37433, 1413, 0.0, [107.468216, 96.07229, 3.50608])
2.89_NUM
(37710, 1413, 0.0, [107.52036, 96.124725, 3.57534])
3.05_NUM
(37855, 1413, 0.0, [107.35382, 96.04884, 3.39477])
2.60_NUM
(38136, 1413, 0.0, [107.49922, 96.206245, 3.6441])
3.02_NUM
(38551, 1413, 0.0, [107.36042, 95.99326, 3.36894])
3.07_NUM
(39471, 1413, 0.0, [107.48159, 95.918465, 3.36522])
3.11_NUM
(39563, 1413, 0.0, [107.34569, 95.957184, 3.33841])
3.01_NUM
(39929, 1413, 0.0, [107.361404, 95.967766, 3.37412])
3.10_NUM
(40055, 1413, 0.0, [107.26787, 96.092606, 3.476915])
3.15_NUM
(40323, 1413, 0.0, [107.27699, 96.11954, 3.45878])
3.08_NUM
(41051, 1413, 0.0, [107.38756, 95.92039, 3.36281])
2.81_NUM
(41509, 1413, 0.0, [107.51095, 96.13998, 3.58995])
3.14_NUM
(42562, 1413, 0.0, [107.35254, 95.936455, 3.32907])
2.70_NUM
(43027, 1413, 0.0, [107.49321, 96.16114, 3.59421])
3.13_NUM
(44300, 1413, 0.0, [107.35848, 95.92743, 3.33679])
3.20_NUM
(48641, 1413, 0.0, [107.252754, 96.11463, 3.51453])
3.17_NUM
(49303, 1413, 0.0, [107.30571, 96.123245, 3.4235])
10.00_NUM
(41318, 1406, 0.0, [102.94443, 99.481834, 4.01312])
10.30_NUM
(53127, 1406, 0.0, [103.027054, 99.46611, 4.08353])
8.30_NUM
(53713, 1406, 0.0, [103.15788, 99.35454, 4.08619])
9.30_NUM
(54201, 1406, 0.0, [103.04527, 99.436806, 4.07474])
11.00_NUM
(64788, 1406, 0.0, [103.090004, 99.39554, 4.06333])
11.30_NUM
(72790, 1406, 0.0, [103.029854, 99.44659, 4.068565])
3.03_NUM
(37148, 1405, 0.0, [107.35913, 95.92277, 3.29439])
7.30_NUM
(44909, 1404, 0.0, [103.26648, 99.270676, 4.09552])
9.00_NUM
(47788, 1404, 0.0, [103.29592, 99.241135, 4.09604])
8.00_NUM
(51246, 1404, 0.0, [103.20116, 99.3088, 4.06734])
7.00_NUM
(54017, 1404, 0.0, [103.31657, 99.23129, 4.09957])
3.37_NUM
(80601, 1398, 0.0, [107.482574, 95.75634, 3.33882])
3.06_NUM
(38639, 1396, 0.0, [107.399704, 95.82423, 3.31181])
3.12_NUM
(41918, 1396, 0.0, [107.371666, 95.87626, 3.29236])
3.16_NUM
(47263, 1396, 0.0, [107.41541, 95.773445, 3.2763])
3.18_NUM
(47677, 1396, 0.0, [107.39973, 95.85019, 3.31319])
3.23_NUM
(53115, 1396, 0.0, [107.41272, 95.75585, 3.27361])
3.19_NUM
(53972, 1396, 0.0, [107.43377, 95.606186, 3.18809])
3.24_NUM
(55462, 1396, 0.0, [107.441734, 95.709816, 3.2601])
3.26_NUM
(61643, 1396, 0.0, [107.47543, 95.70559, 3.29397])
3.31_NUM
(65021, 1396, 0.0, [107.3973, 95.73835, 3.26514])
4.00_NUM
(46655, 1388, 0.0, [105.95706, 97.228264, 4.01129])
size_NOUN
(491, 1387, 0.0, [107.43925, 95.99432, 3.67044])
2.50_NUM
(26855, 1386, 0.0, [107.18938, 96.496414, 4.19472])
.00_NUM
(83842, 1382, 0.0, [104.93371, 98.11625, 4.22683])
20.00_NUM
(85751, 1377, 0.0, [102.68411, 99.59528, 3.81478])
23.00_NUM
(129927, 1374, 0.0, [101.14931, 100.94002, 4.26167])
23.30_NUM
(143249, 1374, 0.0, [101.059685, 101.0218, 4.30473])
21.40_NUM
(152463, 1374, 0.0, [101.0945, 100.97749, 4.32406])
22.80_NUM
(181849, 1374, 0.0, [101.05623, 101.01541, 4.29541])
21.70_NUM
(188254, 1374, 0.0, [101.12466, 100.95226, 4.27776])
21.60_NUM
(198289, 1374, 0.0, [101.06686, 101.00777, 4.30016])
21.10_NUM
(200834, 1374, 0.0, [101.00292, 101.066864, 4.30566])
20.80_NUM
(206066, 1374, 0.0, [101.06391, 101.00873, 4.2695])
22.20_NUM
(207696, 1374, 0.0, [101.089485, 100.982895, 4.25645])
20.90_NUM
(223767, 1374, 0.0, [101.155075, 100.91833, 4.21605])
4.40_NUM
(94246, 1364, 0.0, [103.346214, 98.73185, 3.40956])
4.20_NUM
(96575, 1364, 0.0, [103.459564, 98.59628, 3.37746])
4.60_NUM
(105529, 1364, 0.0, [103.36776, 98.632164, 3.35735])
12.30_NUM
(84641, 1357, 0.0, [102.86817, 99.56924, 4.05694])
4.50_NUM
(58684, 1346, 0.0, [104.22022, 98.04053, 3.44934])
11.20_NUM
(121118, 1344, 0.0, [101.654144, 100.44296, 4.10314])
21.00_NUM
(121772, 1344, 0.0, [101.762955, 100.38683, 4.00524])
2.75_NUM
(28431, 1339, 0.0, [107.800896, 95.64437, 3.64132])
15.00_NUM
(87673, 1337, 0.0, [102.35802, 99.891556, 3.91114])
8.90_NUM
(125220, 1337, 0.0, [102.205, 99.883354, 3.672895])
6.50_NUM
(72177, 1334, 0.0, [102.57512, 99.54768, 3.63301])
8.40_NUM
(106254, 1334, 0.0, [102.538925, 99.549, 3.59063])
22.00_NUM
(117678, 1334, 0.0, [101.407104, 100.70688, 4.14763])
22.30_NUM
(149406, 1334, 0.0, [101.220955, 100.86846, 4.20931])
21.30_NUM
(160190, 1334, 0.0, [101.485374, 100.62493, 4.09048])
21.50_NUM
(164070, 1334, 0.0, [101.48475, 100.576454, 4.04958])
17.50_NUM
(164405, 1334, 0.0, [101.40197, 100.680084, 4.14421])
20.50_NUM
(177120, 1334, 0.0, [101.506294, 100.57475, 4.01122])
19.50_NUM
(180646, 1334, 0.0, [101.39154, 100.68946, 4.10723])
20.30_NUM
(180665, 1334, 0.0, [101.413185, 100.67522, 4.08446])
15.20_NUM
(182455, 1334, 0.0, [101.53441, 100.554016, 4.12214])
18.50_NUM
(182534, 1334, 0.0, [101.49097, 100.591736, 4.03465])
20.20_NUM
(189285, 1334, 0.0, [101.43028, 100.65131, 4.05074])
21.20_NUM
(197263, 1334, 0.0, [101.31896, 100.75855, 4.13423])
16.40_NUM
(205501, 1334, 0.0, [101.5156, 100.55463, 4.06013])
21.80_NUM
(210116, 1334, 0.0, [101.2249, 100.85, 4.18109])
17.80_NUM
(213996, 1334, 0.0, [101.36652, 100.7132, 4.10773])
19.40_NUM
(216842, 1334, 0.0, [101.53356, 100.55109, 3.997])
19.80_NUM
(236439, 1334, 0.0, [101.34484, 100.73669, 4.11043])
19.60_NUM
(237004, 1334, 0.0, [101.51665, 100.56391, 4.013395])
19.10_NUM
(241820, 1334, 0.0, [101.43921, 100.64222, 4.04722])
20.60_NUM
(247592, 1334, 0.0, [101.28196, 100.79129, 4.13952])
17.70_NUM
(247641, 1334, 0.0, [101.50871, 100.56439, 4.03272])
18.80_NUM
(263858, 1334, 0.0, [101.3466, 100.736916, 4.1795])
18.70_NUM
(279082, 1334, 0.0, [101.46935, 100.611755, 4.03568])
20.70_NUM
(285581, 1334, 0.0, [101.33485, 100.74068, 4.10832])
19.70_NUM
(289273, 1334, 0.0, [101.2976, 100.77639, 4.16717])
2.98_NUM
(35914, 1333, 0.0, [107.32405, 96.24921, 3.53493])
2.86_NUM
(36395, 1333, 0.0, [107.49617, 96.21495, 3.62134])
2.82_NUM
(39397, 1333, 0.0, [107.46323, 96.224144, 3.615465])
2.80_NUM
(41543, 1333, 0.0, [107.44929, 96.25154, 3.65583])
average_ADJ
(524, 1331, 1.0, [107.5128, 96.37601, 3.79854])
11.80_NUM
(141873, 1324, 0.0, [101.87824, 100.21035, 3.811855])
18.30_NUM
(179174, 1324, 0.0, [101.95631, 100.21905, 3.95437])
15.30_NUM
(191262, 1324, 0.0, [101.92695, 100.22925, 3.930025])
5.00_NUM
(40476, 1322, 0.0, [105.19907, 97.92066, 4.2514])
5.50_NUM
(71480, 1322, 0.0, [103.02939, 99.127625, 3.56833])
5.40_NUM
(91928, 1322, 0.0, [103.09511, 99.01683, 3.4993])
6.10_NUM
(92213, 1322, 0.0, [102.90742, 99.12154, 3.47665])
4.80_NUM
(101306, 1322, 0.0, [103.0637, 99.019585, 3.47002])
5.70_NUM
(111383, 1322, 0.0, [103.06484, 98.94487, 3.41115])
5.20_NUM
(112595, 1322, 0.0, [103.03454, 99.02522, 3.46192])
5.60_NUM
(115126, 1322, 0.0, [102.97728, 99.042336, 3.44519])
5.90_NUM
(120511, 1322, 0.0, [102.9946, 99.022255, 3.43571])
4.70_NUM
(123126, 1322, 0.0, [103.10632, 98.90364, 3.41065])
4.90_NUM
(132043, 1322, 0.0, [102.99962, 99.0084, 3.43017])
3.09_NUM
(41513, 1317, 0.0, [107.50243, 95.47355, 3.14443])
3.21_NUM
(56762, 1317, 0.0, [107.445694, 95.5076, 3.16069])
3.33_NUM
(57473, 1317, 0.0, [107.52674, 95.417656, 3.17428])
3.45_NUM
(63437, 1317, 0.0, [107.52634, 95.282425, 3.07468])
3.42_NUM
(75150, 1317, 0.0, [107.527504, 95.30225, 3.103065])
3.25_NUM
(35570, 1311, 0.0, [107.83763, 95.23465, 3.33144])
3.36_NUM
(72153, 1298, 0.0, [107.55405, 95.33718, 3.12794])
3.32_NUM
(73945, 1298, 0.0, [107.53315, 95.4734, 3.15535])
7.20_NUM
(98665, 1295, 0.0, [102.62201, 99.4666, 3.56965])
6.40_NUM
(113567, 1295, 0.0, [102.70216, 99.38189, 3.54732])
6.20_NUM
(114304, 1295, 0.0, [102.61406, 99.47173, 3.57243])
6.60_NUM
(114658, 1295, 0.0, [102.79084, 99.284096, 3.51782])
6.80_NUM
(121698, 1295, 0.0, [102.679085, 99.386665, 3.53446])
6.70_NUM
(122407, 1295, 0.0, [102.58908, 99.49624, 3.55882])
6.90_NUM
(131885, 1295, 0.0, [102.61272, 99.45506, 3.55303])
7.50_NUM
(68638, 1294, 0.0, [102.466736, 99.68341, 3.71519])
12.00_NUM
(71889, 1294, 0.0, [102.48772, 99.81512, 3.97412])
8.50_NUM
(82431, 1294, 0.0, [102.42527, 99.700325, 3.68015])
9.50_NUM
(90851, 1294, 0.0, [102.34818, 99.76586, 3.69182])
9.10_NUM
(100946, 1294, 0.0, [102.230705, 99.839645, 3.6742])
14.50_NUM
(129395, 1290, 0.0, [101.65635, 100.43738, 3.92669])
13.30_NUM
(129584, 1290, 0.0, [101.83388, 100.2779, 3.89276])
14.30_NUM
(144735, 1290, 0.0, [101.841156, 100.26601, 3.85496])
12.60_NUM
(154530, 1290, 0.0, [101.84928, 100.23695, 3.82976])
13.60_NUM
(155622, 1290, 0.0, [101.84372, 100.24502, 3.82927])
16.50_NUM
(155748, 1290, 0.0, [101.65306, 100.43543, 3.93756])
13.90_NUM
(157575, 1290, 0.0, [101.82399, 100.26569, 3.82883])
14.20_NUM
(159954, 1290, 0.0, [101.77632, 100.31094, 3.84013])
14.40_NUM
(160582, 1290, 0.0, [101.768074, 100.31759, 3.87005])
13.80_NUM
(162524, 1290, 0.0, [101.69576, 100.38842, 3.91044])
14.60_NUM
(164961, 1290, 0.0, [101.60494, 100.48269, 3.94839])
12.80_NUM
(165802, 1290, 0.0, [101.7803, 100.30311, 3.87012])
16.30_NUM
(168889, 1290, 0.0, [101.80387, 100.32112, 3.92474])
17.30_NUM
(169535, 1290, 0.0, [101.805214, 100.31281, 3.91287])
14.80_NUM
(173733, 1290, 0.0, [101.76339, 100.32316, 3.86894])
12.70_NUM
(174076, 1290, 0.0, [101.74323, 100.3406, 3.87739])
14.90_NUM
(179175, 1290, 0.0, [101.80373, 100.28509, 3.84699])
13.40_NUM
(182368, 1290, 0.0, [101.69954, 100.38729, 3.90468])
15.40_NUM
(184552, 1290, 0.0, [101.864426, 100.22415, 3.78075])
15.60_NUM
(186969, 1290, 0.0, [101.74354, 100.34353, 3.868055])
19.30_NUM
(187255, 1290, 0.0, [101.7138, 100.40296, 3.97233])
15.90_NUM
(187496, 1290, 0.0, [101.74297, 100.34289, 3.88364])
16.20_NUM
(199782, 1290, 0.0, [101.7517, 100.318565, 3.80909])
17.90_NUM
(199881, 1290, 0.0, [101.68845, 100.39696, 3.91016])
17.20_NUM
(200608, 1290, 0.0, [101.72135, 100.36335, 3.8786])
14.70_NUM
(204687, 1290, 0.0, [101.72157, 100.36269, 3.89909])
20.40_NUM
(204838, 1290, 0.0, [101.65468, 100.42536, 3.80494])
17.60_NUM
(205233, 1290, 0.0, [101.65706, 100.43122, 3.94206])
17.10_NUM
(206873, 1290, 0.0, [101.54976, 100.53438, 3.9799])
15.80_NUM
(208929, 1290, 0.0, [101.61322, 100.447975, 3.89838])
16.80_NUM
(209623, 1290, 0.0, [101.626335, 100.458176, 3.94018])
15.70_NUM
(210846, 1290, 0.0, [101.7676, 100.31487, 3.87187])
18.40_NUM
(214602, 1290, 0.0, [101.61949, 100.46523, 3.94612])
18.60_NUM
(218111, 1290, 0.0, [101.66715, 100.418236, 3.91923])
19.20_NUM
(219251, 1290, 0.0, [101.60565, 100.47723, 3.95415])
16.90_NUM
(222679, 1290, 0.0, [101.63123, 100.45283, 3.93526])
16.70_NUM
(223214, 1290, 0.0, [101.63291, 100.4514, 3.94463])
19.90_NUM
(229966, 1290, 0.0, [101.85228, 100.22423, 3.676195])
16.60_NUM
(233370, 1290, 0.0, [101.619255, 100.461266, 3.96815])
17.40_NUM
(241325, 1290, 0.0, [101.67606, 100.409355, 3.90693])
18.90_NUM
(273311, 1290, 0.0, [101.637825, 100.44616, 3.92926])
12.50_NUM
(88370, 1280, 0.0, [102.161476, 99.969025, 3.81204])
10.50_NUM
(90993, 1280, 0.0, [102.15493, 99.93544, 3.73486])
14.00_NUM
(93842, 1280, 0.0, [102.04913, 100.13919, 3.94815])
11.10_NUM
(100119, 1280, 0.0, [102.16318, 99.90104, 3.68873])
10.20_NUM
(102064, 1280, 0.0, [102.09981, 99.99328, 3.71447])
11.50_NUM
(105873, 1280, 0.0, [102.10058, 100.01006, 3.78125])
10.40_NUM
(107932, 1280, 0.0, [102.104294, 99.972664, 3.70571])
18.00_NUM
(108260, 1280, 0.0, [102.106995, 100.10619, 3.95333])
16.00_NUM
(109308, 1280, 0.0, [102.01256, 100.1615, 3.93145])
13.50_NUM
(109880, 1280, 0.0, [101.97647, 100.11391, 3.76144])
13.00_NUM
(110760, 1280, 0.0, [101.9737, 100.18448, 3.91973])
17.00_NUM
(112905, 1280, 0.0, [102.00295, 100.173355, 3.92136])
11.40_NUM
(116233, 1280, 0.0, [101.918465, 100.17953, 3.80893])
19.00_NUM
(117373, 1280, 0.0, [102.18817, 99.97922, 3.72274])
9.90_NUM
(119768, 1280, 0.0, [102.18807, 99.88967, 3.663635])
10.80_NUM
(122277, 1280, 0.0, [102.15564, 99.935684, 3.70943])
9.70_NUM
(126618, 1280, 0.0, [102.09325, 99.99127, 3.71685])
10.70_NUM
(127838, 1280, 0.0, [101.88665, 100.202126, 3.79221])
9.60_NUM
(128138, 1280, 0.0, [102.138084, 99.95159, 3.69851])
12.20_NUM
(129561, 1280, 0.0, [101.98108, 100.12208, 3.78594])
13.10_NUM
(133701, 1280, 0.0, [102.081665, 99.99, 3.72164])
10.60_NUM
(134708, 1280, 0.0, [102.0384, 100.051765, 3.72303])
11.70_NUM
(137983, 1280, 0.0, [101.902565, 100.18513, 3.78498])
10.90_NUM
(139435, 1280, 0.0, [102.05795, 100.03175, 3.69595])
12.90_NUM
(139684, 1280, 0.0, [101.88886, 100.19935, 3.80292])
11.60_NUM
(139919, 1280, 0.0, [101.91806, 100.17155, 3.78668])
11.90_NUM
(140521, 1280, 0.0, [101.961555, 100.12905, 3.77008])
13.20_NUM
(142374, 1280, 0.0, [101.885956, 100.19911, 3.80514])
12.40_NUM
(145174, 1280, 0.0, [101.93154, 100.169075, 3.81816])
14.10_NUM
(151724, 1280, 0.0, [102.05306, 100.02118, 3.73429])
13.70_NUM
(166329, 1280, 0.0, [102.0247, 100.06279, 3.7404])
15.10_NUM
(167321, 1280, 0.0, [102.022766, 100.04953, 3.75175])
16.10_NUM
(190615, 1280, 0.0, [101.969955, 100.10921, 3.77898])
3.27_NUM
(59439, 1275, 0.0, [107.279526, 95.3302, 2.9749])
20.10_NUM
(210417, 1271, 0.0, [101.516525, 100.56967, 3.98935])
2.84_NUM
(38913, 1265, 0.0, [107.53061, 95.97647, 3.49513])
2.65_NUM
(40836, 1265, 0.0, [107.59259, 96.113235, 3.6372])
2.79_NUM
(42986, 1265, 0.0, [107.6015, 96.1135, 3.61542])
3.22_NUM
(54033, 1243, 0.0, [106.98939, 95.4429, 2.91116])
10.10_NUM
(75727, 1240, 0.0, [102.22026, 99.84222, 3.66072])
8.10_NUM
(87244, 1240, 0.0, [102.454666, 99.59586, 3.59448])
7.10_NUM
(98176, 1240, 0.0, [102.42533, 99.637886, 3.609])
8.20_NUM
(99710, 1240, 0.0, [102.336105, 99.75327, 3.64479])
7.80_NUM
(105654, 1240, 0.0, [102.52514, 99.571556, 3.54867])
9.20_NUM
(110421, 1240, 0.0, [102.37514, 99.71952, 3.64511])
7.40_NUM
(113334, 1240, 0.0, [102.45667, 99.63774, 3.61885])
9.40_NUM
(116009, 1240, 0.0, [102.32879, 99.76694, 3.63441])
7.90_NUM
(116642, 1240, 0.0, [102.50766, 99.5754, 3.58979])
7.60_NUM
(119019, 1240, 0.0, [102.434875, 99.65777, 3.61102])
12.10_NUM
(119670, 1240, 0.0, [102.23801, 99.82314, 3.66179])
9.80_NUM
(122589, 1240, 0.0, [102.275314, 99.814186, 3.63021])
8.80_NUM
(122757, 1240, 0.0, [102.51561, 99.575554, 3.41115])
8.60_NUM
(124664, 1240, 0.0, [102.287445, 99.806175, 3.64907])
8.70_NUM
(125457, 1240, 0.0, [102.33501, 99.75562, 3.61895])
2.55_NUM
(40037, 1232, 0.0, [107.76537, 96.18239, 3.77658])
2.71_NUM
(46145, 1232, 0.0, [107.61844, 96.15447, 3.66817])
7.70_NUM
(119519, 1231, 0.0, [101.99125, 100.09355, 3.37771])
15.50_NUM
(148638, 1231, 0.0, [102.18272, 99.90812, 3.46963])
18.20_NUM
(189414, 1231, 0.0, [102.08797, 99.99774, 3.49336])
18.10_NUM
(255653, 1231, 0.0, [101.97469, 100.11045, 3.64245])
3.35_NUM
(58724, 1206, 0.0, [107.514885, 95.13765, 3.04602])
3.28_NUM
(62337, 1205, 0.0, [107.616974, 95.005005, 2.9686])
3.29_NUM
(65298, 1205, 0.0, [107.62979, 94.8883, 2.87955])
2.00_NUM
(30529, 1177, 0.0, [107.20869, 96.577896, 4.48223])
2.25_NUM
(27772, 1176, 0.0, [107.91887, 95.04948, 3.12858])
2.56_NUM
(41852, 1168, 0.0, [107.59054, 96.41527, 3.65426])
4.75_NUM
(68425, 1164, 0.0, [108.690796, 92.92345, 2.21044])
5.75_NUM
(69793, 1164, 0.0, [108.61726, 93.037186, 2.32231])
rvd_NOUN
(159712, 1162, 0.0, [84.147865, 112.542915, 179.4065])
2.45_NUM
(35555, 1159, 0.0, [107.74173, 96.369064, 3.93438])
2.54_NUM
(40058, 1159, 0.0, [107.55637, 96.31114, 3.73346])
2.47_NUM
(41820, 1159, 0.0, [107.73179, 96.4609, 3.96726])
2.63_NUM
(41882, 1159, 0.0, [107.67931, 96.36432, 3.84056])
2.67_NUM
(42276, 1159, 0.0, [107.571754, 96.38789, 3.81116])
2.52_NUM
(42732, 1159, 0.0, [107.76429, 96.44533, 3.95596])
2.77_NUM
(43272, 1159, 0.0, [107.61463, 96.21236, 3.69303])
2.76_NUM
(43274, 1159, 0.0, [107.55622, 96.25683, 3.70739])
2.78_NUM
(43351, 1159, 0.0, [107.58964, 96.25336, 3.72456])
2.72_NUM
(43500, 1159, 0.0, [107.59824, 96.36432, 3.80043])
2.74_NUM
(43750, 1159, 0.0, [107.61333, 96.33714, 3.78521])
2.58_NUM
(44151, 1159, 0.0, [107.64426, 96.400696, 3.84299])
2.61_NUM
(44431, 1159, 0.0, [107.67107, 96.371284, 3.8605])
2.59_NUM
(44770, 1159, 0.0, [107.72775, 96.35792, 3.86891])
2.66_NUM
(45559, 1159, 0.0, [107.66069, 96.39441, 3.83386])
2.73_NUM
(45677, 1159, 0.0, [107.529755, 96.33339, 3.7187])
2.64_NUM
(46826, 1159, 0.0, [107.67163, 96.391464, 3.87151])
2.69_NUM
(48138, 1159, 0.0, [107.61251, 96.24732, 3.73709])
2.62_NUM
(48145, 1159, 0.0, [107.67444, 96.27164, 3.78057])
5.35_NUM
(129001, 1159, 0.0, [108.87406, 92.63865, 2.16481])
Hawaii::Warriors_PROPN
(289427, 1156, 0.0, [96.01447, 94.09141, 169.79828])
3.38_NUM
(64519, 1154, 0.0, [107.62795, 94.84308, 2.89759])
3.34_NUM
(80695, 1154, 0.0, [107.6871, 94.65592, 2.78023])
3.48_NUM
(81748, 1154, 0.0, [107.70972, 94.584785, 2.74999])
3.49_NUM
(86376, 1154, 0.0, [107.66525, 94.761826, 2.87229])
3.44_NUM
(87961, 1154, 0.0, [107.7079, 94.547195, 2.73013])
3.99_NUM
(97195, 1154, 0.0, [108.30046, 93.382935, 2.21831])
4.10_NUM
(91715, 1149, 0.0, [106.32194, 95.74947, 2.92786])
Dartmouth::Big::Green_PROPN
(197388, 1144, 0.0, [96.15098, 94.72966, 170.02101])
New::Hampshire::Wildcats_PROPN
(200341, 1144, 0.0, [96.06916, 94.84402, 169.91948])
Vermont::Catamounts_PROPN
(203648, 1144, 0.0, [96.09825, 94.80189, 170.00426])
Colgate::Raiders_PROPN
(238653, 1144, 0.0, [96.03228, 94.800095, 170.1014])
Webfoots_PROPN
(100937, 1142, 0.0, [96.11529, 94.29025, 169.53749])
NCAA::University::Division_PROPN
(125284, 1142, 0.0, [96.12442, 94.39778, 169.45033])
North::Dakota::State::Bison_PROPN
(284992, 1142, 0.0, [96.186775, 94.53618, 169.50899])
bill_VERB
(9144, 1140, 0.0, [83.99051, 112.73112, 179.7476])
6.75_NUM
(72452, 1140, 0.0, [108.69992, 92.78341, 2.0839])
3.60_NUM
(85303, 1139, 0.0, [107.08421, 94.990074, 2.78628])
Denver::Pioneers_PROPN
(247934, 1139, 0.0, [96.14343, 94.73782, 169.68367])
2.40_NUM
(40987, 1135, 0.0, [107.800735, 96.50093, 4.1703])
2.53_NUM
(41404, 1135, 0.0, [107.813896, 96.442444, 4.01313])
2.48_NUM
(41720, 1135, 0.0, [107.81112, 96.48565, 4.04427])
2.46_NUM
(42186, 1135, 0.0, [107.762436, 96.50546, 4.02475])
2.43_NUM
(42322, 1135, 0.0, [107.82354, 96.45448, 4.08087])
2.49_NUM
(43796, 1135, 0.0, [107.762184, 96.51991, 4.03379])
2.51_NUM
(45924, 1135, 0.0, [107.71696, 96.5346, 4.024105])
Stanford::Indians_PROPN
(213261, 1134, 0.0, [96.53866, 94.18036, 169.99947])
Chicago::Maroons_PROPN
(121447, 1132, 0.0, [96.45744, 94.26901, 169.98264])
Cal::State::Fullerton::Titans_PROPN
(169293, 1132, 0.0, [96.48009, 94.228546, 170.07706])
Long::Beach::State::49ers_PROPN
(258091, 1132, 0.0, [96.51025, 94.22665, 169.88226])
Providence::Friars_PROPN
(190216, 1131, 0.0, [95.98382, 94.94577, 169.75554])
Boston::University::Terriers_PROPN
(203077, 1131, 0.0, [96.010185, 94.97757, 169.64291])
Antelopes_PROPN
(222065, 1131, 0.0, [96.17048, 94.55653, 169.23149])
Robert::Morris::Colonials_PROPN
(233850, 1131, 0.0, [96.01943, 94.920715, 169.75232])
NAIA::Division_PROPN
(261788, 1131, 0.0, [95.98867, 94.56516, 169.17462])
3.51_NUM
(77478, 1128, 0.0, [107.71205, 94.44804, 2.66804])
Mercyhurst::Lakers_PROPN
(265377, 1128, 0.0, [95.973045, 94.97127, 169.38414])
Northeastern::Huskies_PROPN
(244569, 1127, 0.0, [95.99769, 94.929955, 169.803])
Quinnipiac::Bobcats_PROPN
(286432, 1127, 0.0, [95.92939, 95.00268, 170.05965])
5.25_NUM
(51665, 1124, 0.0, [108.76922, 93.19376, 2.60664])
4.25_NUM
(53559, 1124, 0.0, [108.69257, 93.02805, 2.33042])
5.45_NUM
(76004, 1124, 0.0, [108.6007, 92.94803, 2.45138])
7.25_NUM
(76088, 1124, 0.0, [108.9147, 92.42271, 1.83038])
8.25_NUM
(89893, 1124, 0.0, [108.89805, 92.5148, 1.92054])
5.15_NUM
(94787, 1124, 0.0, [108.8733, 92.30547, 1.67749])
9.25_NUM
(101249, 1124, 0.0, [108.93086, 92.447174, 1.86989])
7.75_NUM
(104281, 1124, 0.0, [108.909096, 92.511665, 1.92054])
8.75_NUM
(109534, 1124, 0.0, [108.911, 92.54001, 1.95088])
Longhorn_PROPN
(50115, 1122, 0.0, [96.60343, 94.27951, 168.67912])
Texas::Longhorn_PROPN
(221151, 1122, 0.0, [96.70788, 94.22763, 168.7581])
Dynamite_PROPN
(22879, 1120, 0.0, [84.04237, 113.22698, 178.89975])
3.75_NUM
(41816, 1118, 0.0, [108.495674, 93.75817, 2.84869])
3.65_NUM
(75504, 1118, 0.0, [107.98359, 93.49628, 2.22942])
3.86_NUM
(93269, 1118, 0.0, [107.98638, 93.486946, 2.15244])
3.63_NUM
(96288, 1118, 0.0, [108.00621, 93.30541, 2.05433])
3.95_NUM
(96880, 1118, 0.0, [108.09475, 93.37147, 2.145395])
3.68_NUM
(98633, 1118, 0.0, [107.999565, 93.47038, 2.14306])
4.05_NUM
(99749, 1118, 0.0, [108.0573, 93.275604, 2.02395])
3.81_NUM
(100995, 1118, 0.0, [107.96555, 93.43162, 2.15728])
3.87_NUM
(108685, 1118, 0.0, [107.99099, 93.28112, 1.99835])
4.17_NUM
(113130, 1118, 0.0, [108.04643, 93.27289, 2.02361])
3.92_NUM
(114666, 1118, 0.0, [107.99821, 93.41129, 2.10959])
3.71_NUM
(115654, 1118, 0.0, [108.07289, 93.297455, 2.04808])
3.91_NUM
(116532, 1118, 0.0, [108.006004, 93.39817, 2.10135])
3.55_NUM
(52491, 1117, 0.0, [107.72826, 94.328186, 2.59608])
Southern::Intercollegiate::Athletic::Association_PROPN
(62578, 1117, 0.0, [96.02663, 94.554115, 168.43681])
3.39_NUM
(79423, 1117, 0.0, [107.7634, 94.39812, 2.64565])
3.67_NUM
(98081, 1117, 0.0, [107.80071, 94.28059, 2.59547])
9.75_NUM
(119955, 1116, 0.0, [109.04654, 92.176575, 1.59038])
3.90_NUM
(110973, 1114, 0.0, [106.753006, 95.26312, 2.86369])
Wichita::State::Shockers_PROPN
(287906, 1114, 0.0, [96.27524, 94.62165, 170.03387])
6.25_NUM
(59331, 1110, 0.0, [108.915375, 93.216736, 2.80669])
Jackrabbits_PROPN
(140251, 1110, 0.0, [96.354065, 94.356674, 169.76317])
Cajuns_PROPN
(75767, 1108, 0.0, [96.42139, 94.26825, 168.62271])
Duquesne::Dukes_PROPN
(291179, 1107, 0.0, [96.32896, 94.564964, 169.57686])
Zips_PROPN
(95756, 1106, 0.0, [96.54204, 94.53105, 168.25043])
Herd_PROPN
(65142, 1104, 0.0, [96.63451, 94.0897, 169.89946])
Bama_PROPN
(66646, 1104, 0.0, [96.75667, 94.115746, 170.10757])
Gobblers_PROPN
(256152, 1104, 0.0, [96.73096, 94.11689, 170.06363])
3.94_NUM
(107314, 1103, 0.0, [107.90882, 93.83691, 2.3644])
5.05_NUM
(129209, 1102, 0.0, [108.64722, 92.173325, 1.38491])
4.23_NUM
(129676, 1102, 0.0, [108.590065, 92.12552, 1.33538])
Sewanee::Tigers_PROPN
(132056, 1102, 0.0, [96.24338, 94.37655, 169.33472])
4.67_NUM
(134369, 1102, 0.0, [108.52976, 92.17893, 1.35297])
4.72_NUM
(147930, 1102, 0.0, [108.605736, 92.20091, 1.3497])
5.18_NUM
(155296, 1102, 0.0, [108.58996, 92.20832, 1.34275])
6.05_NUM
(166777, 1102, 0.0, [108.611916, 92.179054, 1.38613])
7.95_NUM
(167224, 1102, 0.0, [108.802414, 92.11182, 1.34489])
19.95_NUM
(172147, 1102, 0.0, [108.75948, 92.12701, 1.46478])
5.21_NUM
(174366, 1102, 0.0, [108.61142, 92.164406, 1.33534])
6.43_NUM
(193016, 1102, 0.0, [108.619736, 92.17393, 1.34778])
5.51_NUM
(204663, 1102, 0.0, [108.568115, 92.19801, 1.34652])
8.99_NUM
(249133, 1102, 0.0, [108.781845, 92.13655, 1.38712])
12.99_NUM
(249861, 1102, 0.0, [108.765755, 92.178566, 1.4271])
UNLV::Runnin_PROPN
(279463, 1102, 0.0, [96.29149, 94.76853, 169.27303])
4.15_NUM
(84072, 1100, 0.0, [108.545616, 92.55618, 1.68988])
4.99_NUM
(103795, 1100, 0.0, [108.555244, 92.808075, 1.98113])
Bison_PROPN
(31506, 1098, 0.0, [96.837975, 93.92923, 169.01674])
4.14_NUM
(117701, 1098, 0.0, [108.22272, 92.96401, 1.81719])
Broncs_PROPN
(281386, 1096, 0.0, [96.22817, 94.66478, 168.8976])
5.88_NUM
(159008, 1093, 0.0, [108.81719, 92.45344, 1.82214])
5.97_NUM
(181442, 1093, 0.0, [108.73693, 92.34966, 1.67777])
49.95_NUM
(230959, 1093, 0.0, [108.592964, 92.45787, 1.66521])
Harvard::Crimson_PROPN
(52165, 1092, 0.0, [96.64554, 94.053375, 169.56937])
Mississippi::State::Maroons_PROPN
(289442, 1092, 0.0, [96.81401, 94.167564, 169.7724])
Bulldogs_PROPN
(11211, 1091, 0.0, [96.137276, 94.92029, 167.7069])
Stags_PROPN
(57865, 1091, 0.0, [95.952034, 95.04981, 167.53415])
Carlisle::Indians_PROPN
(197845, 1090, 0.0, [96.6035, 94.28459, 169.56158])
Tide_PROPN
(14938, 1089, 0.0, [96.73513, 94.24908, 168.0954])
ragin_NOUN
(161302, 1089, 0.0, [96.64555, 94.52699, 168.00827])
3.41_NUM
(79430, 1087, 0.0, [107.82304, 94.027695, 2.43338])
3.46_NUM
(80430, 1087, 0.0, [107.8003, 94.09066, 2.47781])
3.43_NUM
(81580, 1087, 0.0, [107.83843, 93.9987, 2.41745])
3.66_NUM
(88174, 1087, 0.0, [107.787544, 94.01655, 2.40676])
3.53_NUM
(92646, 1087, 0.0, [107.778076, 94.14342, 2.48687])
3.84_NUM
(106041, 1087, 0.0, [107.81282, 93.89607, 2.43387])
4.55_NUM
(90414, 1086, 0.0, [108.56315, 92.43247, 1.59381])
9.99_NUM
(96973, 1086, 0.0, [108.62675, 92.42533, 1.65931])
6.35_NUM
(97160, 1086, 0.0, [108.65664, 92.38486, 1.62704])
9.95_NUM
(122557, 1086, 0.0, [108.66072, 92.341934, 1.575365])
4.58_NUM
(127370, 1086, 0.0, [108.57232, 92.2243, 1.36942])
19.99_NUM
(129842, 1086, 0.0, [108.62309, 92.26186, 1.44573])
4.83_NUM
(133171, 1086, 0.0, [108.53911, 92.27185, 1.38806])
4.87_NUM
(146421, 1086, 0.0, [108.554695, 92.23679, 1.37343])
5.28_NUM
(152537, 1086, 0.0, [108.57968, 92.23414, 1.35922])
Cowgirls_PROPN
(159411, 1086, 0.0, [96.56287, 94.74031, 168.09901])
5.99_NUM
(160073, 1086, 0.0, [108.7025, 92.36968, 1.57361])
5.34_NUM
(165986, 1086, 0.0, [108.55607, 92.27284, 1.41296])
6.99_NUM
(177416, 1086, 0.0, [108.73706, 92.267815, 1.48963])
5.09_NUM
(180371, 1086, 0.0, [108.57219, 92.21604, 1.38293])
6.04_NUM
(180766, 1086, 0.0, [108.600746, 92.21609, 1.36972])
7.99_NUM
(187886, 1086, 0.0, [108.65532, 92.433205, 1.64406])
5.52_NUM
(197538, 1086, 0.0, [108.56202, 92.21504, 1.37281])
29.95_NUM
(208753, 1086, 0.0, [108.62759, 92.422935, 1.65022])
14.99_NUM
(213035, 1086, 0.0, [108.66859, 92.36489, 1.59965])
Border::Intercollegiate::Athletic::Association_PROPN
(239859, 1086, 0.0, [96.14987, 94.53017, 167.94598])
49.99_NUM
(243396, 1086, 0.0, [108.628, 92.42245, 1.65198])
29.99_NUM
(287132, 1086, 0.0, [108.62985, 92.409004, 1.63781])
3.80_NUM
(99709, 1085, 0.0, [107.3204, 94.6275, 2.64693])
SWC_PROPN
(52646, 1084, 0.0, [96.10925, 94.59496, 167.73235])
SIAA_PROPN
(63829, 1084, 0.0, [96.09887, 94.64821, 167.69298])
3.58_NUM
(84687, 1083, 0.0, [107.97295, 93.64544, 2.22296])
3.47_NUM
(86385, 1083, 0.0, [107.8782, 93.8196, 2.32469])
3.56_NUM
(88992, 1083, 0.0, [107.976974, 93.59345, 2.17945])
3.73_NUM
(90285, 1083, 0.0, [107.93533, 93.63848, 2.2412])
3.74_NUM
(94037, 1083, 0.0, [107.91434, 93.662704, 2.25265])
3.64_NUM
(96419, 1083, 0.0, [107.87365, 93.66788, 2.22347])
3.52_NUM
(96467, 1083, 0.0, [107.86528, 93.79349, 2.30597])
3.69_NUM
(99135, 1083, 0.0, [107.901764, 93.60465, 2.17582])
3.78_NUM
(100192, 1083, 0.0, [107.96117, 93.5637, 2.18289])
3.59_NUM
(100248, 1083, 0.0, [107.890076, 93.81554, 2.32525])
3.62_NUM
(100848, 1083, 0.0, [107.90682, 93.72503, 2.26993])
3.79_NUM
(103064, 1083, 0.0, [107.90055, 93.71555, 2.28107])
3.98_NUM
(103905, 1083, 0.0, [107.90405, 93.62591, 2.22507])
3.76_NUM
(106194, 1083, 0.0, [107.933334, 93.6348, 2.22711])
3.77_NUM
(107237, 1083, 0.0, [107.94215, 93.65535, 2.26298])
3.83_NUM
(109120, 1083, 0.0, [107.868675, 93.83982, 2.32312])
3.61_NUM
(109846, 1083, 0.0, [107.91608, 93.80448, 2.32814])
3.82_NUM
(114809, 1083, 0.0, [107.89843, 93.61426, 2.21979])
Blackbirds_PROPN
(145788, 1080, 0.0, [96.26034, 94.81904, 167.8434])
Runnin_PROPN
(150771, 1080, 0.0, [96.51242, 94.73615, 168.0632])
Rebels_PROPN
(13501, 1078, 0.0, [95.82982, 95.12027, 167.83997])
pac-10_NOUN
(22187, 1078, 0.0, [95.674644, 94.90019, 167.86906])
Monarchs_PROPN
(38432, 1078, 0.0, [95.78388, 95.22105, 167.87381])
Hawkeyes_PROPN
(38548, 1077, 0.0, [96.87301, 94.50057, 167.46448])
Rutgers::Queensmen_PROPN
(162421, 1077, 0.0, [97.059685, 94.11116, 169.8066])
Navy::Midshipmen::football_PROPN
(209741, 1077, 0.0, [97.12793, 94.09683, 169.78827])
Massachusetts::Aggies_PROPN
(238687, 1077, 0.0, [97.0324, 94.168816, 169.72302])
Colorado::Silver::and::Gold_PROPN
(273843, 1077, 0.0, [96.96901, 94.069016, 170.03143])
Mississippi::A&M::Aggies_PROPN
(295942, 1077, 0.0, [97.03001, 94.156166, 169.66985])
Razorbacks_PROPN
(38584, 1076, 0.0, [96.5318, 94.391136, 167.89345])
4.27_NUM
(114407, 1076, 0.0, [108.02192, 93.053665, 2.01401])
4.39_NUM
(126622, 1076, 0.0, [108.03854, 93.092865, 2.00273])
4.34_NUM
(135895, 1076, 0.0, [107.930786, 93.10673, 2.0808])
Fightin_PROPN
(142501, 1076, 0.0, [96.31352, 94.49923, 167.88783])
5.03_NUM
(152050, 1076, 0.0, [107.93192, 92.92162, 2.02595])
Tigers_PROPN
(6380, 1075, 0.0, [95.3232, 95.31812, 168.10886])
Seawolves_PROPN
(74710, 1075, 0.0, [96.62884, 94.99312, 167.4852])
Hoosiers_PROPN
(33674, 1074, 0.0, [96.86955, 94.56056, 167.57779])
2.30_NUM
(37292, 1074, 0.0, [107.75593, 96.60234, 4.20468])
2.44_NUM
(40083, 1074, 0.0, [107.72567, 96.806694, 4.21992])
Cyclones_PROPN
(41490, 1074, 0.0, [96.62759, 94.755066, 167.53532])
2.39_NUM
(43221, 1074, 0.0, [107.82489, 96.68043, 4.20208])
2.57_NUM
(43298, 1074, 0.0, [107.75599, 96.634735, 4.07377])
Bearcats_PROPN
(44945, 1074, 0.0, [96.602646, 94.684, 167.6502])
2.41_NUM
(45261, 1074, 0.0, [107.85401, 96.62031, 4.22119])
Wolfpack_PROPN
(46501, 1074, 0.0, [96.6667, 94.724594, 167.47018])
2.21_NUM
(50932, 1074, 0.0, [107.854836, 96.57243, 4.19855])
Blue::Devils_PROPN
(52186, 1074, 0.0, [96.671616, 94.68656, 167.53763])
Terrapins_PROPN
(56106, 1074, 0.0, [96.84414, 94.567154, 167.46376])
Pacific::Coast::Conference_PROPN
(71059, 1074, 0.0, [95.69507, 94.552635, 168.18317])
Lumberjacks_PROPN
(83959, 1074, 0.0, [96.66783, 94.7939, 167.53482])
Warhawks_PROPN
(85194, 1074, 0.0, [96.62646, 94.61639, 167.49661])
Blue::Raiders_PROPN
(118886, 1074, 0.0, [96.723305, 94.62256, 167.5509])
PCAA_PROPN
(132277, 1074, 0.0, [95.75506, 94.58519, 168.1838])
BIAA_PROPN
(183324, 1074, 0.0, [95.56292, 94.57782, 168.4142])
pacific-8_NOUN
(184785, 1074, 0.0, [95.66402, 94.56492, 168.12206])
Athletic::Association::of::Western::Universities_PROPN
(255677, 1074, 0.0, [95.71645, 94.5726, 168.12036])
Leathernecks_PROPN
(274439, 1074, 0.0, [96.611015, 94.64042, 167.73164])
VPI_PROPN
(88742, 1073, 0.0, [97.05964, 94.359146, 168.37535])
Ragin_PROPN
(185166, 1073, 0.0, [97.043, 94.29514, 168.15942])
Franklin::&::Marshall_PROPN
(204029, 1073, 0.0, [97.02605, 94.48566, 168.39545])
Lobos_PROPN
(40768, 1072, 0.0, [96.68748, 95.21751, 167.69165])
Mid-American_PROPN
(27947, 1071, 0.0, [95.66953, 94.696236, 168.03003])
pacific-10_NOUN
(54211, 1071, 0.0, [95.72944, 94.54603, 167.9196])
CCAA_PROPN
(55257, 1071, 0.0, [95.830284, 94.58709, 168.04137])
pac-8_NOUN
(113006, 1071, 0.0, [95.642204, 94.61941, 168.0756])
AAWU_PROPN
(208315, 1071, 0.0, [95.58921, 94.63527, 168.07133])
Crimson_PROPN
(16662, 1070, 0.0, [97.10099, 94.787834, 168.18765])
gator_NOUN
(132458, 1069, 0.0, [96.55871, 94.12715, 167.54405])
4.45_NUM
(85988, 1068, 0.0, [108.85765, 92.07315, 1.28417])
4.65_NUM
(106455, 1068, 0.0, [108.38149, 92.63429, 1.767225])
4.95_NUM
(112385, 1068, 0.0, [108.3662, 92.629745, 1.71249])
3.93_NUM
(114340, 1068, 0.0, [108.23464, 92.879265, 1.78494])
4.37_NUM
(114471, 1068, 0.0, [108.27013, 92.6805, 1.70002])
4.13_NUM
(115095, 1068, 0.0, [108.2349, 92.81405, 1.75517])
4.38_NUM
(117315, 1068, 0.0, [108.29646, 92.71054, 1.7378])
4.57_NUM
(118983, 1068, 0.0, [108.24083, 92.81318, 1.79157])
4.07_NUM
(121338, 1068, 0.0, [108.26894, 92.78169, 1.72538])
11.25_NUM
(121850, 1068, 0.0, [109.09425, 91.96027, 1.31954])
4.47_NUM
(122465, 1068, 0.0, [108.34891, 92.6703, 1.71163])
4.88_NUM
(122820, 1068, 0.0, [108.23233, 92.80209, 1.773815])
4.63_NUM
(126363, 1068, 0.0, [108.23583, 92.765, 1.75147])
4.21_NUM
(126548, 1068, 0.0, [108.28369, 92.78197, 1.72982])
4.41_NUM
(130940, 1068, 0.0, [108.23765, 92.79653, 1.78611])
4.18_NUM
(131216, 1068, 0.0, [108.25665, 92.858604, 1.76876])
4.31_NUM
(132646, 1068, 0.0, [108.31329, 92.67093, 1.71568])
4.51_NUM
(135380, 1068, 0.0, [108.649895, 92.12667, 1.28893])
4.74_NUM
(141451, 1068, 0.0, [108.92149, 91.9035, 1.047735])
4.81_NUM
(142167, 1068, 0.0, [108.6381, 92.12526, 1.26966])
6.02_NUM
(143033, 1068, 0.0, [108.66347, 92.13552, 1.30155])
4.96_NUM
(151893, 1068, 0.0, [108.66285, 92.086586, 1.24662])
4.97_NUM
(152238, 1068, 0.0, [108.64678, 92.10208, 1.2704])
4.78_NUM
(152644, 1068, 0.0, [108.60893, 92.18434, 1.3241])
6.23_NUM
(153441, 1068, 0.0, [108.710724, 92.01167, 1.19838])
6.14_NUM
(153754, 1068, 0.0, [108.69035, 92.057785, 1.22908])
4.89_NUM
(153808, 1068, 0.0, [108.67107, 91.974915, 1.14818])
4.84_NUM
(153821, 1068, 0.0, [108.644775, 92.02364, 1.26355])
4.92_NUM
(154739, 1068, 0.0, [108.76245, 91.98579, 1.19102])
6.17_NUM
(155122, 1068, 0.0, [108.730675, 92.024765, 1.23262])
5.08_NUM
(155848, 1068, 0.0, [108.24082, 92.568954, 1.72029])
5.49_NUM
(156568, 1068, 0.0, [108.71459, 92.02293, 1.19984])
6.12_NUM
(157267, 1068, 0.0, [108.64711, 91.97324, 1.15473])
5.23_NUM
(161696, 1068, 0.0, [108.73024, 91.95993, 1.17049])
4.93_NUM
(166378, 1068, 0.0, [108.70065, 92.02295, 1.20835])
5.38_NUM
(167295, 1068, 0.0, [108.714676, 92.01457, 1.21523])
5.41_NUM
(167474, 1068, 0.0, [108.77851, 91.91951, 1.13519])
5.57_NUM
(168273, 1068, 0.0, [108.7343, 91.97932, 1.17405])
6.95_NUM
(168485, 1068, 0.0, [108.691666, 92.1529, 1.33158])
5.61_NUM
(171007, 1068, 0.0, [108.670204, 92.099846, 1.27944])
6.33_NUM
(171976, 1068, 0.0, [108.68868, 92.08079, 1.28555])
5.22_NUM
(173371, 1068, 0.0, [108.72267, 91.9815, 1.16308])
5.31_NUM
(173472, 1068, 0.0, [108.62158, 92.14415, 1.3112])
5.59_NUM
(173661, 1068, 0.0, [108.7078, 92.04828, 1.22873])
5.68_NUM
(174523, 1068, 0.0, [108.583496, 92.10611, 1.29019])
5.29_NUM
(175989, 1068, 0.0, [108.68288, 92.08203, 1.28478])
5.62_NUM
(177188, 1068, 0.0, [108.73599, 91.96396, 1.16526])
5.37_NUM
(177364, 1068, 0.0, [108.593636, 92.12213, 1.2925])
5.72_NUM
(180343, 1068, 0.0, [108.620544, 92.01914, 1.24411])
5.83_NUM
(182478, 1068, 0.0, [108.81523, 91.905235, 1.12461])
6.11_NUM
(186697, 1068, 0.0, [108.780594, 91.92123, 1.14275])
8.04_NUM
(187096, 1068, 0.0, [108.54191, 92.11489, 1.27554])
5.64_NUM
(187322, 1068, 0.0, [108.72081, 91.984, 1.14975])
5.53_NUM
(190698, 1068, 0.0, [108.711555, 92.032936, 1.21231])
5.46_NUM
(193021, 1068, 0.0, [108.76717, 91.910675, 1.11312])
9.14_NUM
(193777, 1068, 0.0, [108.71156, 91.90673, 1.1838])
5.63_NUM
(197699, 1068, 0.0, [108.60033, 92.11327, 1.29826])
5.79_NUM
(198552, 1068, 0.0, [108.76688, 91.941185, 1.14441])
6.34_NUM
(199093, 1068, 0.0, [108.68302, 91.992584, 1.21442])
5.32_NUM
(200141, 1068, 0.0, [108.726074, 91.99458, 1.20077])
6.28_NUM
(202090, 1068, 0.0, [108.69645, 92.028305, 1.22794])
5.58_NUM
(202208, 1068, 0.0, [108.83411, 91.89151, 1.11923])
10.04_NUM
(202323, 1068, 0.0, [108.57349, 92.06938, 1.23668])
6.24_NUM
(202739, 1068, 0.0, [108.73772, 91.97374, 1.192865])
5.94_NUM
(202883, 1068, 0.0, [108.721725, 91.99815, 1.19077])
5.73_NUM
(205586, 1068, 0.0, [108.81216, 91.8865, 1.09892])
11.04_NUM
(207610, 1068, 0.0, [108.61106, 92.0207, 1.19905])
5.43_NUM
(207690, 1068, 0.0, [108.74265, 91.99397, 1.20407])
6.09_NUM
(208055, 1068, 0.0, [108.60137, 92.15529, 1.32614])
14.95_NUM
(209703, 1068, 0.0, [108.41184, 92.60362, 1.85447])
5.86_NUM
(210207, 1068, 0.0, [108.78771, 91.91124, 1.11432])
5.42_NUM
(211940, 1068, 0.0, [108.77978, 92.05121, 1.30572])
5.36_NUM
(212113, 1068, 0.0, [108.74363, 91.991875, 1.19354])
7.36_NUM
(215406, 1068, 0.0, [108.69846, 92.051094, 1.23911])
8.65_NUM
(217543, 1068, 0.0, [108.622955, 92.05522, 1.07039])
6.39_NUM
(217978, 1068, 0.0, [108.59017, 92.13043, 1.33067])
12.95_NUM
(222171, 1068, 0.0, [108.92222, 91.937614, 1.22323])
7.03_NUM
(222776, 1068, 0.0, [108.63792, 92.02296, 1.24881])
5.87_NUM
(230380, 1068, 0.0, [108.60172, 91.99456, 1.18622])
7.71_NUM
(232062, 1068, 0.0, [108.69644, 92.03512, 1.23059])
8.53_NUM
(237146, 1068, 0.0, [108.79761, 91.89413, 1.10716])
9.09_NUM
(238010, 1068, 0.0, [108.91074, 91.944115, 1.30481])
6.26_NUM
(245965, 1068, 0.0, [108.73359, 92.00492, 1.20214])
5.84_NUM
(247168, 1068, 0.0, [108.79359, 92.00253, 1.22712])
13.04_NUM
(260374, 1068, 0.0, [108.675, 91.97163, 1.15919])
8.38_NUM
(263499, 1068, 0.0, [108.855774, 91.88232, 1.10154])
8.44_NUM
(272201, 1068, 0.0, [108.782455, 91.94941, 1.15882])
7.43_NUM
(275733, 1068, 0.0, [108.800995, 91.89941, 1.10896])
Wildcats_PROPN
(13664, 1067, 0.0, [96.439926, 94.80543, 167.691])
Cougars_PROPN
(18901, 1067, 0.0, [96.42862, 94.86584, 167.57478])
Owls_PROPN
(27045, 1067, 0.0, [96.43064, 94.75735, 167.5201])
Buffaloes_PROPN
(54379, 1067, 0.0, [96.51281, 94.63564, 167.7088])
Hilltoppers_PROPN
(89915, 1067, 0.0, [96.41178, 94.76703, 167.73196])
RedHawks_PROPN
(91384, 1067, 0.0, [96.41803, 94.829865, 167.47148])
Sycamores_PROPN
(102161, 1067, 0.0, [96.463165, 94.73279, 167.6814])
NAIA::Men::'s::Division_PROPN
(157657, 1064, 0.0, [95.799866, 94.87395, 169.12823])
IIAC_PROPN
(266637, 1059, 0.0, [95.48825, 94.65853, 167.89256])
Queensmen_PROPN
(279269, 1059, 0.0, [95.23834, 94.70376, 168.10414])
razorback_ADJ
(135082, 1058, 0.0, [96.21444, 94.36023, 167.67374])
Southern::Conference::Men::'s::Basketball::Tournament_PROPN
(200988, 1057, 0.0, [95.77324, 94.95507, 168.92044])
Horsemen_PROPN
(31328, 1056, 0.0, [84.30037, 112.70927, 179.50533])
Gators_PROPN
(17438, 1053, 0.0, [97.0479, 94.36303, 167.71211])
Wolverines_PROPN
(20861, 1053, 0.0, [96.98612, 94.49824, 167.5226])
Longhorns_PROPN
(26248, 1053, 0.0, [97.03898, 94.41758, 167.67802])
Beavers_PROPN
(27053, 1053, 0.0, [96.92426, 94.49867, 167.47144])
Heels_PROPN
(29768, 1053, 0.0, [97.169, 94.481705, 167.52382])
Sooners_PROPN
(30052, 1053, 0.0, [97.021805, 94.46966, 167.45332])
Commodores_PROPN
(33869, 1053, 0.0, [97.17319, 94.37666, 167.6898])
Cornhuskers_PROPN
(34783, 1053, 0.0, [97.04581, 94.4645, 167.45946])
Crimson::Tide_PROPN
(37042, 1053, 0.0, [96.9818, 94.45662, 167.6417])
Gamecocks_PROPN
(49125, 1053, 0.0, [96.88921, 94.51814, 167.45595])
Frogs_PROPN
(53307, 1053, 0.0, [97.1557, 94.32216, 167.46083])
Huskers_PROPN
(53568, 1053, 0.0, [96.88247, 94.49464, 167.45306])
Golden::Gophers_PROPN
(70651, 1053, 0.0, [96.92942, 94.512924, 167.46552])
Horned::Frogs_PROPN
(71429, 1053, 0.0, [96.89878, 94.45942, 167.57916])
Vandy_PROPN
(92367, 1053, 0.0, [97.08003, 94.403275, 167.58525])
five-on-five_ADJ
(225912, 1053, 0.0, [83.35069, 112.30112, 178.231])
Pitt::Panthers_PROPN
(264427, 1053, 0.0, [97.08967, 94.49226, 167.68396])
University::of::Miami::Hurricanes_PROPN
(291235, 1053, 0.0, [96.97248, 94.46286, 167.45357])
0.00_NUM
(48214, 1052, 0.0, [108.088326, 94.48328, 3.62089])
Colonials_PROPN
(71495, 1050, 0.0, [96.8862, 94.803406, 167.5929])
PCC_PROPN
(24893, 1049, 0.0, [95.55228, 94.58494, 167.73708])
Southwest::Conference_PROPN
(42335, 1049, 0.0, [95.78434, 94.65828, 167.74107])
swc_NOUN
(91270, 1049, 0.0, [95.78093, 94.586685, 167.74423])
Missouri::Valley::Intercollegiate::Athletic::Association_PROPN
(258897, 1049, 0.0, [95.776825, 94.651764, 167.67009])
5.47_NUM
(174949, 1046, 0.0, [108.27065, 92.51315, 1.67126])
3.85_NUM
(83022, 1042, 0.0, [108.16278, 93.060715, 1.911125])
4.01_NUM
(97410, 1042, 0.0, [108.142105, 92.99958, 1.861715])
4.12_NUM
(103870, 1042, 0.0, [108.12385, 93.0182, 1.87544])
4.33_NUM
(105363, 1042, 0.0, [108.11058, 93.01986, 1.93477])
3.97_NUM
(106575, 1042, 0.0, [108.1687, 93.10471, 1.91413])
4.26_NUM
(108139, 1042, 0.0, [108.16229, 92.90074, 1.86982])
4.11_NUM
(108148, 1042, 0.0, [108.150314, 93.02006, 1.85801])
3.89_NUM
(110064, 1042, 0.0, [108.141525, 93.03567, 1.89612])
4.02_NUM
(110596, 1042, 0.0, [108.1721, 92.90462, 1.83441])
3.88_NUM
(111233, 1042, 0.0, [108.17576, 93.001305, 1.8778])
3.96_NUM
(111375, 1042, 0.0, [108.09051, 93.15678, 1.95086])
4.44_NUM
(113493, 1042, 0.0, [108.13078, 93.06097, 1.91728])
4.04_NUM
(113770, 1042, 0.0, [108.19342, 92.8865, 1.78074])
4.03_NUM
(115758, 1042, 0.0, [108.09969, 93.09497, 1.94635])
4.16_NUM
(116270, 1042, 0.0, [108.168465, 93.07494, 1.89847])
5.12_NUM
(120809, 1042, 0.0, [107.878334, 93.05369, 1.70282])
4.28_NUM
(122521, 1042, 0.0, [108.14283, 93.0046, 1.90087])
4.08_NUM
(123358, 1042, 0.0, [108.15601, 92.91259, 1.80768])
4.06_NUM
(128669, 1042, 0.0, [108.11389, 93.17053, 1.95412])
Gotch_PROPN
(128097, 1040, 0.0, [84.05078, 113.40986, 179.52531])
4.32_NUM
(117347, 1038, 0.0, [108.44495, 92.5643, 1.55936])
4.48_NUM
(117820, 1038, 0.0, [108.36556, 92.58359, 1.63118])
4.09_NUM
(119387, 1038, 0.0, [108.37548, 92.60545, 1.63598])
4.46_NUM
(124416, 1038, 0.0, [108.35432, 92.5637, 1.62922])
4.56_NUM
(125516, 1038, 0.0, [108.348335, 92.59988, 1.64521])
4.79_NUM
(153569, 1038, 0.0, [108.3553, 92.57103, 1.57951])
5.85_NUM
(143456, 1037, 0.0, [108.819435, 91.872284, 1.04957])
5.76_NUM
(161850, 1037, 0.0, [108.82225, 91.867065, 1.08436])
5.93_NUM
(171403, 1037, 0.0, [108.77209, 91.84308, 1.11287])
6.03_NUM
(171571, 1037, 0.0, [108.72185, 91.83517, 1.04158])
5.66_NUM
(178294, 1037, 0.0, [108.820175, 91.8721, 1.10135])
5.67_NUM
(178984, 1037, 0.0, [108.83422, 91.87781, 1.13139])
5.82_NUM
(179155, 1037, 0.0, [108.757385, 91.840836, 1.03017])
5.71_NUM
(181859, 1037, 0.0, [108.78095, 91.84394, 1.05907])
6.27_NUM
(198208, 1037, 0.0, [108.84479, 91.83344, 1.049175])
5.91_NUM
(200051, 1037, 0.0, [108.80881, 91.803925, 1.0572])
5.89_NUM
(201091, 1037, 0.0, [108.85956, 91.84087, 1.04698])
6.46_NUM
(208877, 1037, 0.0, [108.77149, 91.86734, 1.06126])
6.07_NUM
(210248, 1037, 0.0, [108.8263, 91.85764, 1.06894])
7.94_NUM
(213509, 1037, 0.0, [108.83491, 91.86222, 1.07744])
7.33_NUM
(219540, 1037, 0.0, [108.83104, 91.81788, 1.095285])
7.58_NUM
(227512, 1037, 0.0, [108.83739, 91.801025, 1.03519])
6.88_NUM
(236040, 1037, 0.0, [108.821335, 91.807655, 1.08079])
7.09_NUM
(237124, 1037, 0.0, [108.836266, 91.794495, 1.09746])
1.99_NUM
(58410, 1036, 0.0, [108.27033, 95.35399, 3.7549])
9.34_NUM
(103455, 1036, 0.0, [108.880035, 91.78424, 1.06475])
6.15_NUM
(105316, 1036, 0.0, [109.06411, 91.63757, 1.02122])
6.45_NUM
(109543, 1036, 0.0, [108.987076, 91.84448, 1.153])
7.45_NUM
(112560, 1036, 0.0, [108.984764, 91.7522, 1.04133])
5.65_NUM
(143151, 1036, 0.0, [108.91477, 91.816635, 1.04262])
television-equipped_ADJ
(152159, 1036, 0.0, [108.94884, 91.5843, 1.17165])
7.35_NUM
(159904, 1036, 0.0, [108.964584, 91.78235, 1.06321])
5.55_NUM
(162877, 1036, 0.0, [108.91266, 91.78549, 1.03169])
6.01_NUM
(164701, 1036, 0.0, [108.95739, 91.85422, 1.05635])
7.59_NUM
(224911, 1036, 0.0, [108.956345, 91.62048, 1.23489])
5.92_NUM
(231580, 1036, 0.0, [108.86968, 91.84209, 1.08784])
7.24_NUM
(234384, 1036, 0.0, [108.86744, 91.751884, 1.00967])
24.75_NUM
(244362, 1036, 0.0, [109.153725, 91.64354, 1.06488])
7.27_NUM
(247261, 1036, 0.0, [108.8813, 91.78903, 1.01239])
12.17_NUM
(248619, 1036, 0.0, [108.92177, 91.75741, 1.04097])
8.54_NUM
(259638, 1036, 0.0, [108.96295, 91.83313, 1.148815])
7.84_NUM
(289033, 1036, 0.0, [108.96941, 91.74059, 1.00614])
heel_NOUN
(8609, 1035, 0.0, [84.22709, 112.38, 178.77727])
4.35_NUM
(83317, 1034, 0.0, [108.5103, 92.261215, 1.5086])
4.85_NUM
(101263, 1034, 0.0, [108.3986, 92.40667, 1.6006])
4.76_NUM
(114859, 1034, 0.0, [108.40992, 92.46146, 1.55223])
4.22_NUM
(115492, 1034, 0.0, [108.38915, 92.52839, 1.587])
4.54_NUM
(116094, 1034, 0.0, [108.40268, 92.500496, 1.57567])
4.36_NUM
(124189, 1034, 0.0, [108.471825, 92.4014, 1.49652])
4.66_NUM
(127846, 1034, 0.0, [108.51286, 92.37353, 1.45408])
4.29_NUM
(128819, 1034, 0.0, [108.46911, 92.44481, 1.52352])
4.61_NUM
(138051, 1034, 0.0, [108.48707, 92.333046, 1.45703])
4.53_NUM
(138290, 1034, 0.0, [108.47538, 92.394775, 1.44869])
4.52_NUM
(138500, 1034, 0.0, [108.413155, 92.38451, 1.46659])
4.64_NUM
(139821, 1034, 0.0, [108.40949, 92.46301, 1.55259])
4.77_NUM
(141313, 1034, 0.0, [108.406265, 92.533356, 1.57897])
5.01_NUM
(144958, 1034, 0.0, [108.402794, 92.49807, 1.55287])
5.17_NUM
(145088, 1034, 0.0, [108.48801, 92.242645, 1.37841])
4.71_NUM
(146374, 1034, 0.0, [108.3974, 92.42882, 1.55462])
5.16_NUM
(146875, 1034, 0.0, [108.21872, 92.482376, 1.65271])
4.91_NUM
(146907, 1034, 0.0, [108.374825, 92.44589, 1.58251])
5.95_NUM
(147152, 1034, 0.0, [108.50267, 92.412254, 1.54551])
4.68_NUM
(148656, 1034, 0.0, [108.4476, 92.39291, 1.50967])
4.82_NUM
(152998, 1034, 0.0, [108.52575, 92.26235, 1.3953])
6.06_NUM
(155056, 1034, 0.0, [108.45167, 92.37264, 1.48423])
4.49_NUM
(157033, 1034, 0.0, [108.465866, 92.37963, 1.48606])
5.06_NUM
(157142, 1034, 0.0, [108.413025, 92.363434, 1.51199])
4.59_NUM
(157439, 1034, 0.0, [108.38525, 92.51349, 1.58519])
4.73_NUM
(161519, 1034, 0.0, [108.42312, 92.50614, 1.57206])
4.94_NUM
(163188, 1034, 0.0, [108.44356, 92.4247, 1.52556])
5.19_NUM
(164002, 1034, 0.0, [108.4744, 92.42121, 1.49353])
5.02_NUM
(168641, 1034, 0.0, [108.454636, 92.373886, 1.4752])
4.98_NUM
(170778, 1034, 0.0, [108.519104, 92.29977, 1.42113])
5.74_NUM
(180801, 1034, 0.0, [108.49691, 92.249306, 1.41763])
5.24_NUM
(184403, 1034, 0.0, [108.405, 92.44729, 1.55643])
5.07_NUM
(189563, 1034, 0.0, [108.49506, 92.36272, 1.4716])
5.98_NUM
(190641, 1034, 0.0, [108.41576, 92.235855, 1.40097])
6.13_NUM
(196124, 1034, 0.0, [108.37686, 92.29076, 1.5349])
5.54_NUM
(197321, 1034, 0.0, [108.50296, 92.276634, 1.47699])
3.57_NUM
(90330, 1031, 0.0, [107.85682, 93.87473, 2.36518])
clothesline_VERB
(191394, 1029, 0.0, [83.76629, 112.20023, 178.33217])
3.54_NUM
(88246, 1017, 0.0, [107.81949, 93.628334, 2.14696])
3.72_NUM
(96035, 1017, 0.0, [107.83135, 93.75556, 2.29464])
5.26_NUM
(137929, 1014, 0.0, [108.50873, 92.21382, 1.34715])
high-flying_ADJ
(62174, 1005, 0.0, [84.742676, 112.71374, 178.47473])
4.19_NUM
(123104, 1005, 0.0, [107.811226, 93.505455, 2.24154])
4.24_NUM
(124840, 1005, 0.0, [107.723946, 93.39956, 2.32352])
.310_NUM
(103264, 1002, 0.0, [54.219067, 102.21194, 171.45593])
4.42_NUM
(117846, 1002, 0.0, [108.18447, 92.80452, 1.81897])
4.43_NUM
(118760, 1002, 0.0, [108.18529, 92.8798, 1.881475])
4.62_NUM
(123038, 1002, 0.0, [108.19271, 92.81161, 1.8171])
5.27_NUM
(165939, 1002, 0.0, [108.10963, 92.77065, 1.86012])
