Iran_PROPN
(1253, 64993, 0.0, [88.89328, 11.69195, 63.89675])
Kerman::Province_PROPN
(13646, 64993, 0.0, [88.887314, 11.66569, 63.878483])
Fars::Province_PROPN
(16432, 64993, 0.0, [88.887825, 11.66485, 63.8791])
Khuzestan::Province_PROPN
(16884, 64993, 0.0, [88.890175, 11.661675, 63.88394])
Razavi::Khorasan::Province_PROPN
(18593, 64993, 0.0, [88.8864, 11.66649, 63.87729])
Mazandaran::Province_PROPN
(20518, 64993, 0.0, [88.887535, 11.66275, 63.879013])
West::Azerbaijan::Province_PROPN
(21366, 64993, 0.0, [88.88553, 11.67427, 63.87716])
Lorestan::Province_PROPN
(22085, 64993, 0.0, [88.88623, 11.66835, 63.87733])
Gilan::Province_PROPN
(22332, 64993, 0.0, [88.88849, 11.665, 63.88167])
Kermanshah::Province_PROPN
(23196, 64993, 0.0, [88.88684, 11.66884, 63.87844])
Isfahan::Province_PROPN
(27230, 64993, 0.0, [88.88753, 11.66484, 63.878963])
South::Khorasan::Province_PROPN
(28271, 64993, 0.0, [88.88622, 11.67047, 63.87741])
Hormozgan::Province_PROPN
(28783, 64993, 0.0, [88.88758, 11.66603, 63.879402])
Ardabil::Province_PROPN
(30300, 64993, 0.0, [88.885956, 11.67667, 63.8791])
Sistan_PROPN
(20633, 63049, 1.0, [88.823265, 11.96925, 63.833527])
East::Azerbaijan::Province_PROPN
(21840, 63049, 0.0, [88.88534, 11.67527, 63.877026])
Baluchestan::Province_PROPN
(25046, 63049, 0.0, [88.8809, 11.69994, 63.87482])
Kurdistan::Province_PROPN
(29869, 63049, 0.0, [88.88183, 11.69211, 63.874245])
Boyer-Ahmad::Province_PROPN
(30369, 63049, 0.0, [88.88479, 11.67729, 63.876614])
Markazi::Province_PROPN
(36874, 63049, 0.0, [88.87973, 11.69411, 63.87127])
Hamadan::Province_PROPN
(40094, 63049, 0.0, [88.87621, 11.71694, 63.868923])
Yazd::Province_PROPN
(41452, 63049, 0.0, [88.88213, 11.6886, 63.874306])
Golestan::Province_PROPN
(43404, 63049, 0.0, [88.87464, 11.73167, 63.86994])
Zanjan::Province_PROPN
(44084, 63049, 0.0, [88.88175, 11.69265, 63.87446])
Tehran::Province_PROPN
(44393, 63049, 0.0, [88.88114, 11.69649, 63.87448])
Qazvin::Province_PROPN
(45799, 63049, 0.0, [88.88027, 11.69708, 63.87268])
Bakhtiari::Province_PROPN
(48292, 63049, 0.0, [88.87059, 11.73635, 63.86452])
North::Khorasan::Province_PROPN
(48431, 63049, 0.0, [88.856094, 11.8201, 63.85652])
Bushehr::Province_PROPN
(54125, 63049, 0.0, [88.87666, 11.71477, 63.87029])
Ilam::Province_PROPN
(55352, 63049, 0.0, [88.87046, 11.739495, 63.86468])
Semnan::Province_PROPN
(58631, 63049, 0.0, [88.88209, 11.68929, 63.874554])
Alborz::Province_PROPN
(79249, 63049, 0.0, [88.85957, 11.78797, 63.856506])
half-mile_NOUN
(38694, 1881, 0.0, [101.45686, 47.5287, 90.11875])
one-mile_ADJ
(54355, 1881, 0.0, [101.48544, 47.40013, 89.99886])
two-mile_ADJ
(56765, 1881, 0.0, [101.49558, 47.358276, 89.95335])
three-mile_ADJ
(70566, 1881, 0.0, [101.5103, 47.33872, 89.92977])
mile-long_ADJ
(72545, 1881, 0.0, [101.48912, 47.401535, 89.99246])
quarter-mile_NOUN
(76664, 1881, 0.0, [101.45115, 47.577957, 90.17466])
five-mile_ADJ
(95233, 1881, 0.0, [101.50842, 47.322334, 89.912865])
100-mile_ADJ
(98838, 1881, 0.0, [101.47602, 47.55436, 90.15684])
four-mile_ADJ
(100126, 1881, 0.0, [101.49738, 47.37446, 89.9686])
10-mile_ADJ
(101537, 1881, 0.0, [101.510925, 47.337326, 89.92577])
50-mile_ADJ
(114682, 1881, 0.0, [101.50585, 47.39889, 90.00119])
six-mile_ADJ
(123547, 1881, 0.0, [101.52432, 47.301014, 89.88731])
2-mile_ADJ
(139093, 1881, 0.0, [101.46062, 47.514107, 90.102516])
5-mile_ADJ
(161212, 1881, 0.0, [101.50898, 47.332977, 89.89166])
25-mile_ADJ
(161743, 1881, 0.0, [101.53147, 47.3073, 89.8871])
20-mile_ADJ
(167235, 1881, 0.0, [101.50482, 47.41139, 90.0221])
3-mile_ADJ
(167843, 1881, 0.0, [101.492805, 47.411983, 90.00397])
12-mile_ADJ
(168709, 1881, 0.0, [101.51547, 47.39245, 89.99686])
seven-mile_ADJ
(172778, 1881, 0.0, [101.52652, 47.30437, 89.89816])
30-mile_ADJ
(178690, 1881, 0.0, [101.51167, 47.37785, 89.98339])
1-mile_ADJ
(178804, 1881, 0.0, [101.45976, 47.512814, 90.104225])
15-mile_ADJ
(202706, 1881, 0.0, [101.523926, 47.31906, 89.91146])
ten-mile_ADJ
(204485, 1881, 0.0, [101.5194, 47.3269, 89.91099])
40-mile_ADJ
(209694, 1881, 0.0, [101.52729, 47.3206, 89.9156])
eight-mile_ADJ
(219362, 1881, 0.0, [101.52291, 47.33406, 89.92033])
half-mile_ADJ
(225850, 1881, 0.0, [101.46897, 47.48696, 90.075035])
4-mile_ADJ
(246657, 1881, 0.0, [101.48015, 47.46175, 90.04662])
nine-mile_ADJ
(251511, 1881, 0.0, [101.52148, 47.31995, 89.90931])
6-mile_ADJ
(263792, 1881, 0.0, [101.51501, 47.411015, 89.943436])
60-mile_ADJ
(276624, 1881, 1.0, [101.532036, 47.305614, 89.90109])
quarter-mile_ADJ
(108439, 1816, 0.0, [101.383354, 47.84503, 90.40251])
200-mile_ADJ
(188890, 1816, 0.0, [101.47739, 47.68352, 90.28373])
1.5-mile_NUM
(200531, 1816, 0.0, [101.36567, 47.87929, 90.4212])
out-and-back_ADJ
(286725, 1816, 0.0, [101.455536, 47.651814, 90.2382])
Austin::Dillon_PROPN
(111584, 1145, 0.0, [99.53977, 51.7056, 94.19288])
Busch_PROPN
(15243, 1137, 0.0, [99.31596, 51.792458, 93.94814])
Waltrip_PROPN
(48587, 1137, 0.0, [99.28757, 51.79806, 93.9335])
Mark::Martin_PROPN
(58237, 1137, 0.0, [99.33901, 51.726086, 93.89617])
Bobby::Labonte_PROPN
(91089, 1137, 0.0, [99.29401, 51.84732, 94.02109])
Brian::Vickers_PROPN
(95258, 1137, 0.0, [99.43943, 51.63423, 93.94761])
Kyle::Larson_PROPN
(98275, 1137, 0.0, [99.40655, 51.81576, 94.02313])
Hornish_PROPN
(108839, 1137, 0.0, [99.40157, 51.83046, 94.143166])
A.::J.::Allmendinger_PROPN
(116757, 1137, 0.0, [99.22533, 51.86418, 93.96755])
Almirola_PROPN
(147984, 1137, 0.0, [99.456055, 51.76017, 94.11389])
Denny::Hamlin_PROPN
(51554, 1120, 0.0, [99.158455, 51.16992, 93.25044])
Martin::Truex_PROPN
(89608, 1117, 0.0, [99.60331, 51.4795, 94.12408])
Dale::Earnhardt::Jr._PROPN
(100906, 1117, 0.0, [99.56321, 51.59992, 94.088715])
Paul::Menard_PROPN
(103178, 1117, 0.0, [99.62714, 51.52577, 94.18471])
Aric::Almirola_PROPN
(122320, 1117, 0.0, [99.71789, 51.503555, 94.030304])
Martin::Truex::Jr._PROPN
(140772, 1117, 0.0, [99.56105, 51.54643, 94.06592])
Justin::Allgaier_PROPN
(188603, 1117, 0.0, [99.6113, 51.42025, 94.10417])
Hornaday_PROPN
(112688, 1114, 0.0, [99.12719, 51.80127, 93.632095])
Dale::Earnhardt_PROPN
(36277, 1109, 0.0, [99.17658, 51.570404, 93.57575])
Jimmie::Johnson_PROPN
(37320, 1107, 0.0, [99.26349, 51.2137, 93.34356])
Tony::Stewart_PROPN
(41088, 1107, 0.0, [99.38629, 51.13546, 93.51179])
Darrell::Waltrip_PROPN
(72822, 1100, 0.0, [99.01352, 52.152554, 93.981346])
Bobby::Allison_PROPN
(87354, 1100, 0.0, [99.16634, 52.22839, 94.20292])
Terry::Labonte_PROPN
(104679, 1100, 0.0, [99.19712, 52.220634, 94.16789])
Kulwicki_PROPN
(127730, 1100, 0.0, [99.08665, 52.094032, 93.9096])
Ernie::Irvan_PROPN
(176214, 1100, 0.0, [99.15055, 52.20813, 94.13828])
Mears_PROPN
(41894, 1098, 0.0, [99.35515, 51.5939, 93.91818])
Kasey::Kahne_PROPN
(61798, 1098, 0.0, [99.48944, 51.486115, 93.91769])
Hamlin_PROPN
(28734, 1094, 0.0, [99.29849, 51.34403, 93.55172])
Kyle::Busch_PROPN
(29641, 1094, 0.0, [99.38979, 51.27809, 93.59703])
Kenseth_PROPN
(38620, 1094, 0.0, [99.38368, 51.283203, 93.65274])
Kevin::Harvick_PROPN
(39550, 1094, 0.0, [99.37546, 51.307533, 93.63593])
Keselowski_PROPN
(44369, 1094, 0.0, [99.363144, 51.32735, 93.676125])
McMurray_PROPN
(49573, 1094, 0.0, [99.3699, 51.3024, 93.63769])
Logano_PROPN
(52953, 1094, 0.0, [99.42502, 51.31119, 93.652336])
Brad::Keselowski_PROPN
(54410, 1094, 0.0, [99.38092, 51.283653, 93.604324])
Kahne_PROPN
(54927, 1094, 0.0, [99.40289, 51.35425, 93.69373])
Joey::Logano_PROPN
(55851, 1094, 0.0, [99.41484, 51.31902, 93.70191])
Biffle_PROPN
(60973, 1094, 0.0, [99.362755, 51.32881, 93.64123])
Ryan::Newman_PROPN
(61047, 1094, 0.0, [99.43395, 51.294025, 93.68878])
Menard_PROPN
(61131, 1094, 0.0, [99.37044, 51.37709, 93.70153])
Greg::Biffle_PROPN
(65287, 1094, 0.0, [99.38024, 51.335274, 93.65403])
Jamie::McMurray_PROPN
(77687, 1094, 0.0, [99.44362, 51.504734, 93.8766])
Allmendinger_PROPN
(93621, 1094, 0.0, [99.39294, 51.549866, 93.85255])
Yarborough_PROPN
(61108, 1093, 0.0, [99.29038, 51.663395, 93.758766])
Ragan_PROPN
(74695, 1093, 0.0, [99.30875, 51.72382, 93.81504])
Stenhouse_PROPN
(109344, 1093, 0.0, [99.289536, 51.70095, 93.80746])
Gilliland_PROPN
(118426, 1093, 0.0, [99.257965, 51.67261, 93.75268])
Bill::Elliott_PROPN
(73442, 1088, 0.0, [99.20857, 52.058514, 94.073395])
Bayne_PROPN
(74702, 1088, 0.0, [99.23644, 52.01757, 93.98643])
Labonte_PROPN
(80932, 1088, 0.0, [99.33604, 52.10764, 94.19583])
Gaughan_PROPN
(105545, 1088, 0.0, [99.23762, 52.207573, 94.120155])
Nemechek_PROPN
(122562, 1088, 0.0, [99.26372, 52.201702, 94.20773])
Ricky::Rudd_PROPN
(135525, 1088, 0.0, [99.22307, 52.089336, 94.13868])
Irvan_PROPN
(141727, 1088, 0.0, [99.336914, 52.027447, 94.0607])
400-mile_ADJ
(277551, 1083, 0.0, [101.32578, 48.254036, 90.84707])
300-mile_ADJ
(285343, 1083, 0.0, [101.37558, 48.13466, 90.76338])
Earnhardt_PROPN
(30067, 1082, 0.0, [99.250275, 51.41749, 93.5026])
Bowyer_PROPN
(40842, 1082, 0.0, [99.244804, 51.407333, 93.492424])
Truex_PROPN
(57733, 1082, 0.0, [99.28145, 51.28037, 93.49391])
Clint::Bowyer_PROPN
(69008, 1082, 0.0, [99.29844, 51.300346, 93.4969])
tri-oval_ADJ
(106885, 1079, 0.0, [99.60866, 52.252686, 94.16591])
Danica::Patrick_PROPN
(88296, 1060, 0.0, [99.61713, 51.730076, 94.35404])
Marcos::Ambrose_PROPN
(99629, 1060, 0.0, [99.652245, 51.667133, 94.42103])
David::Ragan_PROPN
(108014, 1060, 0.0, [99.60302, 51.76634, 94.327286])
Casey::Mears_PROPN
(115435, 1060, 0.0, [99.659546, 51.82517, 94.50952])
Sam::Hornish_PROPN
(133518, 1060, 0.0, [99.75548, 51.608154, 94.51996])
Landon::Cassill_PROPN
(207286, 1058, 0.0, [99.57558, 51.99753, 94.52055])
Richard::Petty_PROPN
(55592, 1057, 0.0, [99.16682, 52.23884, 94.246346])
Blaney_PROPN
(73315, 1057, 0.0, [99.39967, 52.11122, 94.289635])
Michael::McDowell_PROPN
(104591, 1057, 0.0, [99.40869, 52.09389, 94.29832])
Dale::Jarrett_PROPN
(111411, 1057, 0.0, [99.22849, 52.250237, 94.264656])
Nadeau_PROPN
(119915, 1057, 0.0, [99.39216, 52.15447, 94.39407])
Elliott::Sadler_PROPN
(120972, 1057, 0.0, [99.389114, 51.99459, 94.28189])
Blewett_PROPN
(121913, 1057, 0.0, [99.446526, 52.00757, 94.350136])
Reutimann_PROPN
(129231, 1057, 0.0, [99.41488, 52.008526, 94.24131])
Regan::Smith_PROPN
(134515, 1057, 0.0, [99.40576, 51.95301, 94.278])
John::Andretti_PROPN
(146586, 1057, 0.0, [99.308334, 52.24275, 94.361404])
David::Gilliland_PROPN
(152368, 1057, 0.0, [99.50414, 51.980755, 94.3613])
J.::J.::Yeley_PROPN
(162600, 1057, 0.0, [99.44668, 52.09425, 94.37367])
Annett_PROPN
(171815, 1057, 0.0, [99.472855, 51.995247, 94.2939])
Allgaier_PROPN
(181176, 1057, 0.0, [99.411964, 52.051113, 94.29359])
Neil::Bonnett_PROPN
(188554, 1057, 0.0, [99.22111, 52.24289, 94.25432])
Donnie::Allison_PROPN
(190762, 1057, 0.0, [99.191635, 52.248337, 94.32914])
David::Stremme_PROPN
(199471, 1057, 0.0, [99.34687, 52.103718, 94.444305])
Bonnett_PROPN
(206576, 1057, 0.0, [99.36821, 52.01612, 94.31313])
Ty::Dillon_PROPN
(243202, 1057, 0.0, [99.43877, 52.18397, 94.42879])
Earnhardt::Jr._PROPN
(245836, 1057, 0.0, [99.486465, 52.035442, 94.475])
Jeff::Gordon_PROPN
(32133, 1053, 0.0, [99.38922, 51.23503, 93.61628])
Harvick_PROPN
(35748, 1053, 0.0, [99.383545, 51.26495, 93.6247])
Kurt::Busch_PROPN
(37458, 1053, 0.0, [99.4413, 51.241066, 93.70341])
Matt::Kenseth_PROPN
(47761, 1053, 0.0, [99.36126, 51.24513, 93.56369])
Carl::Edwards_PROPN
(51828, 1053, 0.0, [99.375336, 51.20944, 93.54952])
Jeff::Burton_PROPN
(71699, 1053, 0.0, [99.39326, 51.204746, 93.56496])
Lazier_PROPN
(69658, 1040, 0.0, [99.47358, 51.92001, 94.295334])
Robby::Gordon_PROPN
(78067, 1040, 0.0, [99.483406, 51.88398, 94.25114])
David::Reutimann_PROPN
(133809, 1040, 0.0, [99.49414, 51.85487, 94.26337])
Trevor::Bayne_PROPN
(156210, 1040, 0.0, [99.537285, 51.84043, 94.31243])
Chase::Elliott_PROPN
(195850, 1040, 0.0, [99.52441, 51.780308, 94.214554])
Brian::Scott_PROPN
(197504, 1040, 0.0, [99.53699, 51.89725, 94.32344])
Ken::Schrader_PROPN
(117902, 1030, 0.0, [99.20099, 51.962215, 93.87016])
Aston::Martin_PROPN
(33485, 1019, 0.0, [103.27725, 57.339905, 102.859985])
GTR_PROPN
(103263, 1005, 0.0, [102.83132, 57.145927, 102.188965])
