1216_NUM
(34211, 56330, 1.0, [177.91594, 41.379097, 204.92639])
1213_NUM
(43822, 56330, 0.0, [177.95738, 41.56284, 204.87845])
1241_NUM
(32752, 56194, 0.0, [178.0909, 41.491096, 204.4933])
1225_NUM
(34359, 56194, 0.0, [178.10237, 41.431286, 204.47223])
1235_NUM
(38882, 56194, 0.0, [178.08794, 41.533478, 204.50919])
1248_NUM
(39165, 56194, 0.0, [178.08742, 41.47062, 204.53406])
1218_NUM
(40266, 56194, 0.0, [178.09634, 41.28397, 204.52014])
1227_NUM
(40510, 56194, 0.0, [178.0927, 41.468273, 204.49403])
1242_NUM
(41039, 56194, 0.0, [178.10097, 41.390053, 204.5265])
1253_NUM
(41089, 56194, 0.0, [178.08739, 41.58164, 204.48306])
1229_NUM
(41448, 56194, 0.0, [178.09352, 41.43315, 204.51697])
1228_NUM
(41474, 56194, 0.0, [178.08849, 41.373337, 204.55276])
1226_NUM
(41973, 56194, 0.0, [178.0664, 41.49924, 204.57338])
1231_NUM
(41979, 56194, 0.0, [178.0875, 41.477505, 204.52995])
1236_NUM
(43032, 56194, 0.0, [178.09483, 41.41252, 204.50714])
1221_NUM
(43036, 56194, 0.0, [178.1026, 41.36581, 204.4733])
1247_NUM
(43686, 56194, 0.0, [178.07617, 41.60192, 204.53317])
1224_NUM
(43986, 56194, 0.0, [178.09244, 41.36993, 204.47351])
1209_NUM
(44018, 56194, 0.0, [178.06448, 41.317, 204.57535])
1237_NUM
(44088, 56194, 0.0, [178.08353, 41.456963, 204.53296])
1245_NUM
(45036, 56194, 0.0, [178.08165, 41.555794, 204.50656])
1232_NUM
(45202, 56194, 0.0, [178.08568, 41.49084, 204.5113])
1249_NUM
(45303, 56194, 0.0, [178.08102, 41.53588, 204.52069])
1223_NUM
(46078, 56194, 0.0, [178.09125, 41.371704, 204.50044])
1238_NUM
(46148, 56194, 0.0, [178.0863, 41.49614, 204.51721])
1239_NUM
(46850, 56194, 0.0, [178.09619, 41.30855, 204.52774])
1222_NUM
(47659, 56194, 0.0, [178.08807, 41.447777, 204.51125])
1243_NUM
(47938, 56194, 0.0, [178.0837, 41.56504, 204.48477])
1251_NUM
(48097, 56194, 0.0, [178.06662, 41.60905, 204.53783])
1233_NUM
(48407, 56194, 0.0, [178.09637, 41.404984, 204.47565])
1263_NUM
(41376, 55974, 0.0, [178.04771, 41.6503, 204.78342])
1258_NUM
(35474, 55785, 0.0, [178.0677, 41.757515, 204.49182])
1266_NUM
(39325, 55785, 0.0, [178.06125, 41.78617, 204.51668])
1261_NUM
(40078, 55785, 0.0, [178.06342, 41.763737, 204.49097])
1254_NUM
(40321, 55785, 0.0, [178.07693, 41.62169, 204.49925])
1268_NUM
(40549, 55785, 0.0, [178.06538, 41.89333, 204.43257])
1244_NUM
(41819, 55785, 0.0, [178.06749, 41.628788, 204.52882])
1267_NUM
(42013, 55785, 0.0, [178.06729, 41.846306, 204.43483])
1259_NUM
(42321, 55785, 0.0, [178.0695, 41.829315, 204.44238])
1256_NUM
(42865, 55785, 0.0, [178.02788, 41.793297, 204.63153])
1257_NUM
(45113, 55785, 0.0, [178.0703, 41.72953, 204.47849])
1252_NUM
(45298, 55785, 0.0, [178.0659, 41.61871, 204.53865])
1273_NUM
(46632, 55785, 0.0, [178.06488, 41.94285, 204.40591])
1262_NUM
(48282, 55785, 0.0, [178.06133, 41.76779, 204.52899])
1269_NUM
(49703, 55785, 0.0, [178.06628, 41.881226, 204.4316])
1255_NUM
(44813, 55157, 0.0, [178.09988, 41.04668, 204.84094])
1265_NUM
(37860, 55156, 0.0, [178.0339, 42.13811, 204.45541])
1264_NUM
(41151, 55156, 0.0, [177.99702, 42.187473, 204.51852])
1214_NUM
(39913, 55073, 0.0, [178.10374, 41.24795, 204.51274])
1208_NUM
(45256, 55073, 0.0, [178.0642, 41.096695, 204.65414])
1211_NUM
(46001, 55073, 0.0, [178.10167, 41.273575, 204.44931])
1246_NUM
(41201, 54508, 0.0, [178.10452, 41.32297, 204.48196])
1278_NUM
(41962, 53702, 0.0, [178.07527, 41.85628, 204.38208])
1234_NUM
(34550, 53415, 0.0, [178.11792, 41.20769, 204.53427])
1212_NUM
(36791, 53415, 0.0, [178.11273, 41.203674, 204.48503])
1217_NUM
(39657, 53415, 0.0, [178.13167, 41.03535, 204.50237])
1219_NUM
(39824, 53415, 0.0, [178.11131, 41.23012, 204.54707])
1282_NUM
(32246, 53073, 0.0, [178.05244, 42.21074, 204.38295])
1279_NUM
(32964, 53073, 0.0, [178.06415, 42.075745, 204.32994])
1291_NUM
(33209, 53073, 0.0, [178.04613, 42.20717, 204.3157])
1274_NUM
(36123, 53073, 0.0, [178.04958, 42.227238, 204.34615])
1272_NUM
(38354, 53073, 0.0, [178.06125, 42.170227, 204.31584])
1277_NUM
(39797, 53073, 0.0, [178.05379, 42.16785, 204.35709])
1271_NUM
(40130, 53073, 0.0, [178.0645, 42.135933, 204.31532])
1276_NUM
(41414, 53073, 0.0, [178.05582, 42.244427, 204.30753])
1197_NUM
(51172, 52048, 0.0, [177.77518, 40.685036, 204.76715])
1215_NUM
(30934, 51390, 0.0, [178.12628, 40.98484, 204.39273])
1284_NUM
(39858, 51180, 0.0, [178.0434, 42.346767, 204.40881])
1204_NUM
(28619, 50497, 0.0, [178.11507, 40.90806, 204.5148])
1205_NUM
(39793, 50497, 0.0, [178.11871, 40.79697, 204.52277])
1206_NUM
(41955, 50497, 0.0, [178.14928, 40.913395, 204.45128])
1207_NUM
(42422, 50497, 0.0, [178.13676, 40.75062, 204.48473])
1203_NUM
(44884, 50497, 0.0, [178.16435, 40.7258, 204.42458])
1285_NUM
(37131, 49199, 0.0, [178.04344, 42.584557, 204.19048])
1292_NUM
(39796, 49199, 0.0, [178.04231, 42.50443, 204.22655])
1283_NUM
(41060, 49199, 0.0, [178.04718, 42.30062, 204.33315])
1294_NUM
(42388, 49199, 0.0, [178.0474, 42.605328, 204.19186])
1287_NUM
(42910, 49199, 0.0, [178.04662, 42.36614, 204.28223])
1288_NUM
(43395, 49199, 0.0, [178.04858, 42.32363, 204.2904])
1286_NUM
(44439, 49199, 0.0, [178.04956, 42.402084, 204.26674])
1281_NUM
(45013, 49199, 0.0, [178.04729, 42.343822, 204.29523])
1293_NUM
(45906, 49199, 0.0, [178.04335, 42.56571, 204.18892])
1289_NUM
(46718, 49199, 0.0, [178.04434, 42.452442, 204.25516])
1201_NUM
(42998, 48640, 0.0, [178.26762, 40.64729, 204.265])
1182_NUM
(52571, 44758, 0.0, [178.01033, 40.442757, 204.54309])
1185_NUM
(34077, 41969, 0.0, [178.18477, 40.30672, 204.36162])
1199_NUM
(37667, 41969, 0.0, [178.17847, 40.494946, 204.35892])
1202_NUM
(40551, 41969, 0.0, [178.21652, 40.576847, 204.33887])
1184_NUM
(49076, 41969, 0.0, [178.16707, 40.3412, 204.37036])
1295_NUM
(33860, 39306, 0.0, [178.03372, 42.909595, 204.10487])
1275_NUM
(33176, 35184, 0.0, [178.01483, 42.713974, 204.03636])
1196_NUM
(50166, 26374, 0.0, [178.21564, 40.03526, 204.41153])
1189_NUM
(36634, 25512, 0.0, [178.22174, 40.229786, 204.27942])
1147_NUM
(39317, 25512, 0.0, [178.28415, 39.966095, 204.15987])
1198_NUM
(39877, 25512, 0.0, [178.18356, 40.23928, 204.35553])
1187_NUM
(39985, 25512, 0.0, [178.22551, 40.13799, 204.27173])
1191_NUM
(42948, 25512, 0.0, [178.21231, 40.206116, 204.27989])
1192_NUM
(43673, 25512, 0.0, [178.17874, 40.27028, 204.35323])
1194_NUM
(43806, 25512, 0.0, [178.2143, 40.21136, 204.28868])
1173_NUM
(44215, 25512, 0.0, [178.22638, 40.089214, 204.24538])
1155_NUM
(44309, 25512, 0.0, [178.26004, 40.106503, 204.19188])
1175_NUM
(45938, 25512, 0.0, [178.21976, 40.132896, 204.28561])
1166_NUM
(46280, 25512, 0.0, [178.21043, 40.204956, 204.29407])
1195_NUM
(46902, 25512, 0.0, [178.22948, 40.13898, 204.24721])
1174_NUM
(47067, 25512, 0.0, [178.23915, 40.024483, 204.20311])
1177_NUM
(47367, 25512, 0.0, [178.22348, 40.151985, 204.26666])
1156_NUM
(47425, 25512, 0.0, [178.2239, 40.151318, 204.25183])
1171_NUM
(47547, 25512, 0.0, [178.2168, 40.15295, 204.27615])
1179_NUM
(47798, 25512, 0.0, [178.22058, 40.144295, 204.2651])
1157_NUM
(47828, 25512, 0.0, [178.25087, 40.09183, 204.2057])
1186_NUM
(48706, 25512, 0.0, [178.2149, 40.211266, 204.3017])
1164_NUM
(49295, 25512, 0.0, [178.25937, 39.97063, 204.16742])
1165_NUM
(49950, 25512, 0.0, [178.23949, 40.018658, 204.20464])
1183_NUM
(51198, 25512, 0.0, [178.19614, 40.20002, 204.23878])
1176_NUM
(51342, 25512, 0.0, [178.2174, 40.227295, 204.26425])
1193_NUM
(51951, 25512, 0.0, [178.21043, 40.244564, 204.31158])
1163_NUM
(53534, 25512, 0.0, [178.2666, 39.973312, 204.15167])
1167_NUM
(54095, 25512, 0.0, [178.2452, 40.05202, 204.20317])
1188_NUM
(54422, 25512, 0.0, [178.21413, 40.21234, 204.27902])
1172_NUM
(54554, 25512, 0.0, [178.22688, 40.10365, 204.2505])
1169_NUM
(54563, 25512, 0.0, [178.22975, 40.09109, 204.24438])
1178_NUM
(55264, 25512, 0.0, [178.22232, 40.147884, 204.26018])
1158_NUM
(55402, 25512, 0.0, [178.21289, 40.103584, 204.24788])
1162_NUM
(55438, 25512, 0.0, [178.23384, 40.037514, 204.201])
1181_NUM
(55623, 25512, 0.0, [178.19722, 40.20477, 204.30144])
1168_NUM
(60867, 25512, 0.0, [178.11852, 40.148186, 204.32349])
1159_NUM
(60907, 25512, 0.0, [178.24144, 39.97434, 204.18011])
1149_NUM
(64985, 25512, 0.0, [178.28442, 39.95171, 204.12537])
1161_NUM
(54071, 23109, 0.0, [178.27583, 40.00567, 204.06723])
1296_NUM
(32158, 19186, 0.0, [178.03235, 43.188637, 203.99364])
1307_NUM
(34053, 19186, 0.0, [178.03606, 43.15367, 204.00319])
1308_NUM
(34786, 19186, 0.0, [178.0371, 43.22576, 203.978])
1301_NUM
(35381, 19186, 0.0, [178.02713, 43.276314, 203.96129])
1306_NUM
(37642, 19186, 0.0, [178.03162, 43.23668, 203.97552])
1297_NUM
(38246, 19186, 0.0, [178.03378, 43.178402, 203.99281])
1299_NUM
(38490, 19186, 0.0, [178.03296, 43.09155, 204.0504])
1298_NUM
(40042, 19186, 0.0, [178.02182, 43.043488, 204.04282])
1304_NUM
(40434, 19186, 0.0, [178.03876, 43.25575, 203.94212])
1154_NUM
(38228, 16786, 0.0, [178.29933, 39.92409, 204.10907])
1138_NUM
(40831, 16786, 0.0, [178.28775, 39.90432, 204.12251])
1148_NUM
(47462, 16786, 0.0, [178.3137, 39.82138, 204.07993])
1143_NUM
(47914, 16786, 0.0, [178.29109, 39.850533, 204.08105])
1146_NUM
(50591, 16786, 0.0, [178.26083, 39.8932, 204.16722])
1141_NUM
(51414, 16786, 0.0, [178.30252, 39.87451, 204.10529])
1145_NUM
(53252, 16786, 0.0, [178.2671, 39.858, 204.13617])
1121_NUM
(58343, 16786, 0.0, [178.19296, 39.902103, 204.15465])
1126_NUM
(32479, 15513, 0.0, [178.3402, 39.74354, 203.92685])
1135_NUM
(38818, 15513, 0.0, [178.334, 39.78681, 204.03938])
1125_NUM
(39298, 15513, 0.0, [178.3547, 39.722916, 203.95459])
1152_NUM
(42237, 15513, 0.0, [178.3039, 39.84128, 204.03923])
1095_NUM
(43254, 15513, 0.0, [178.34004, 39.72561, 203.99211])
1101_NUM
(43872, 15513, 0.0, [178.35013, 39.742863, 203.95142])
1099_NUM
(44293, 15513, 0.0, [178.31462, 39.814026, 204.0556])
1153_NUM
(45072, 15513, 0.0, [178.3021, 39.89872, 204.06837])
1111_NUM
(45251, 15513, 0.0, [178.35329, 39.71464, 203.95804])
1118_NUM
(46054, 15513, 0.0, [178.32253, 39.741558, 204.01376])
1137_NUM
(47306, 15513, 0.0, [178.30986, 39.790367, 204.03653])
1115_NUM
(47866, 15513, 0.0, [178.35036, 39.76602, 203.95776])
1102_NUM
(48035, 15513, 0.0, [178.3522, 39.691555, 203.93124])
1136_NUM
(48580, 15513, 0.0, [178.32072, 39.803463, 204.05217])
1122_NUM
(49707, 15513, 0.0, [178.33673, 39.759823, 203.98233])
1093_NUM
(49908, 15513, 0.0, [178.33957, 39.70961, 203.99654])
1096_NUM
(50976, 15513, 0.0, [178.33015, 39.77279, 204.02977])
1142_NUM
(51941, 15513, 0.0, [178.31851, 39.799637, 204.04921])
1107_NUM
(52212, 15513, 0.0, [178.37117, 39.678165, 203.92491])
1098_NUM
(52376, 15513, 0.0, [178.32133, 39.759106, 204.02888])
1088_NUM
(52692, 15513, 0.0, [178.36324, 39.662315, 203.92421])
1128_NUM
(52913, 15513, 0.0, [178.32413, 39.791687, 204.02908])
1119_NUM
(54588, 15513, 0.0, [178.31313, 39.78625, 204.02855])
1124_NUM
(54599, 15513, 0.0, [178.31068, 39.830585, 204.0572])
1123_NUM
(55289, 15513, 0.0, [178.35393, 39.728954, 203.91629])
1113_NUM
(55753, 15513, 0.0, [178.32611, 39.7263, 203.92732])
1131_NUM
(56561, 15513, 0.0, [178.37358, 39.631775, 203.91875])
1144_NUM
(56746, 15513, 0.0, [178.31763, 39.806355, 204.04552])
1108_NUM
(56888, 15513, 0.0, [178.36246, 39.70739, 203.95268])
1105_NUM
(57567, 15513, 0.0, [178.39957, 39.62795, 203.8897])
1134_NUM
(58409, 15513, 0.0, [178.3346, 39.74983, 204.01996])
1129_NUM
(58886, 15513, 0.0, [178.34369, 39.704563, 203.95206])
1097_NUM
(59795, 15513, 0.0, [178.38072, 39.64079, 203.94453])
1112_NUM
(60339, 15513, 0.0, [178.31523, 39.79985, 203.98251])
1133_NUM
(60824, 15513, 0.0, [178.31122, 39.79173, 204.0382])
1103_NUM
(62646, 15513, 0.0, [178.37326, 39.690372, 203.93167])
1151_NUM
(62727, 15513, 0.0, [178.31456, 39.86414, 204.06111])
1132_NUM
(63372, 15513, 0.0, [178.33655, 39.742588, 203.96866])
1114_NUM
(63449, 15513, 0.0, [178.30078, 39.844364, 203.85173])
1109_NUM
(64267, 15513, 0.0, [178.35605, 39.688656, 203.89903])
1104_NUM
(66111, 15513, 0.0, [178.3615, 39.719093, 203.96153])
1117_NUM
(67544, 15513, 0.0, [178.3417, 39.716732, 203.93588])
1083_NUM
(71461, 15513, 0.0, [178.31454, 39.72307, 203.99393])
1127_NUM
(41960, 14797, 0.0, [178.61652, 39.6369, 203.70374])
1325_NUM
(33910, 14416, 0.0, [178.03954, 43.477295, 203.81964])
1328_NUM
(35349, 14416, 0.0, [178.03842, 43.460087, 203.88335])
1314_NUM
(35875, 14416, 0.0, [178.03276, 43.29289, 203.95079])
1315_NUM
(35932, 14416, 0.0, [178.0397, 43.349064, 203.92075])
1316_NUM
(36562, 14416, 0.0, [178.03938, 43.340332, 203.91252])
1305_NUM
(36729, 14416, 0.0, [178.0198, 43.33541, 203.92236])
1326_NUM
(37249, 14416, 0.0, [178.03902, 43.56847, 203.78903])
1322_NUM
(37260, 14416, 0.0, [178.03825, 43.54698, 203.79536])
1333_NUM
(37387, 14416, 0.0, [178.04276, 43.5465, 203.77692])
1312_NUM
(37809, 14416, 0.0, [178.03877, 43.354565, 203.90518])
1303_NUM
(38717, 14416, 0.0, [178.02397, 43.32622, 203.92526])
1335_NUM
(38742, 14416, 0.0, [178.04146, 43.47238, 203.83511])
1336_NUM
(38805, 14416, 0.0, [178.04431, 43.53869, 203.7811])
1332_NUM
(38934, 14416, 0.0, [178.03989, 43.412315, 203.85594])
1318_NUM
(38984, 14416, 0.0, [178.0375, 43.339325, 203.91893])
1342_NUM
(39161, 14416, 0.0, [178.04605, 43.47835, 203.8654])
1323_NUM
(39633, 14416, 0.0, [178.03835, 43.587524, 203.75691])
1302_NUM
(39925, 14416, 0.0, [178.0252, 43.30062, 203.9995])
1309_NUM
(40694, 14416, 0.0, [178.0385, 43.339664, 203.9119])
1324_NUM
(40722, 14416, 0.0, [178.04178, 43.489536, 203.80904])
1321_NUM
(40732, 14416, 0.0, [178.03607, 43.525967, 203.84038])
1313_NUM
(40884, 14416, 0.0, [178.03658, 43.324398, 203.92174])
1329_NUM
(41127, 14416, 0.0, [178.03668, 43.325813, 203.92365])
1317_NUM
(41840, 14416, 0.0, [178.03801, 43.3598, 203.90671])
1311_NUM
(42292, 14416, 0.0, [178.03905, 43.36865, 203.89278])
1343_NUM
(42600, 14416, 0.0, [178.04118, 43.603695, 203.74954])
1334_NUM
(47030, 14416, 0.0, [178.04112, 43.41168, 203.85522])
1319_NUM
(48791, 14416, 0.0, [178.03755, 43.3813, 203.89194])
1368_NUM
(30793, 12798, 0.0, [178.0536, 43.426655, 203.68712])
1139_NUM
(48120, 12664, 0.0, [178.45213, 39.612965, 203.86284])
1076_NUM
(59926, 12664, 0.0, [178.45525, 39.40941, 203.80757])
1044_NUM
(66267, 12664, 0.0, [178.43872, 39.41368, 203.77628])
1072_NUM
(57385, 11860, 0.0, [178.57011, 39.295013, 203.67625])
1058_NUM
(62300, 11860, 0.0, [178.53903, 39.343285, 203.67368])
1063_NUM
(63133, 11860, 0.0, [178.46262, 39.35689, 203.70049])
1056_NUM
(66378, 11860, 0.0, [178.46304, 39.344448, 203.7013])
1032_NUM
(66487, 11860, 0.0, [178.4753, 39.310345, 203.63748])
1019_NUM
(68913, 11860, 0.0, [178.46947, 39.287613, 203.60292])
1037_NUM
(68952, 11860, 0.0, [178.44165, 39.354645, 203.72453])
1049_NUM
(72977, 11860, 0.0, [178.45776, 39.35335, 203.70578])
1043_NUM
(74252, 11860, 0.0, [178.4549, 39.34466, 203.69695])
1116_NUM
(54735, 11571, 0.0, [178.36813, 40.031315, 202.78644])
1075_NUM
(43488, 11497, 0.0, [178.42816, 39.467796, 203.84642])
1085_NUM
(46423, 11497, 0.0, [178.40614, 39.361626, 203.96564])
1054_NUM
(48560, 11497, 0.0, [178.41296, 39.46163, 203.79492])
1071_NUM
(49084, 11497, 0.0, [178.43266, 39.43121, 203.79134])
1067_NUM
(50489, 11497, 0.0, [178.43343, 39.390133, 203.76302])
1081_NUM
(51499, 11497, 0.0, [178.40321, 39.49793, 203.82933])
1087_NUM
(54343, 11497, 0.0, [178.40517, 39.4654, 203.82361])
1106_NUM
(54568, 11497, 0.0, [178.39807, 39.56244, 203.84868])
1046_NUM
(55546, 11497, 0.0, [178.39476, 39.459427, 203.816])
1077_NUM
(56738, 11497, 0.0, [178.43512, 39.44714, 203.80598])
1042_NUM
(57217, 11497, 0.0, [178.42415, 39.393314, 203.74316])
1068_NUM
(58489, 11497, 0.0, [178.41875, 39.43448, 203.79736])
1091_NUM
(58826, 11497, 0.0, [178.38737, 39.49752, 203.87405])
1065_NUM
(59618, 11497, 0.0, [178.40627, 39.42708, 203.81699])
1078_NUM
(60370, 11497, 0.0, [178.42282, 39.4789, 203.82782])
1073_NUM
(61187, 11497, 0.0, [178.42499, 39.447495, 203.79636])
1092_NUM
(61943, 11497, 0.0, [178.36064, 39.5958, 203.9272])
1045_NUM
(62139, 11497, 0.0, [178.39485, 39.3357, 203.85516])
1084_NUM
(62193, 11497, 0.0, [178.4, 39.439068, 203.79549])
1064_NUM
(63504, 11497, 0.0, [178.4022, 39.440998, 203.83585])
1094_NUM
(63525, 11497, 0.0, [178.43651, 39.289352, 203.80681])
1074_NUM
(64657, 11497, 0.0, [178.40205, 39.476692, 203.82068])
1069_NUM
(64861, 11497, 0.0, [178.40659, 39.44736, 203.83778])
1059_NUM
(64892, 11497, 0.0, [178.38142, 39.54028, 203.86435])
1089_NUM
(66864, 11497, 0.0, [178.42844, 39.42187, 203.79051])
1052_NUM
(67948, 11497, 0.0, [178.4049, 39.42573, 203.76665])
1047_NUM
(70349, 11497, 0.0, [178.43585, 39.38596, 203.74501])
1061_NUM
(71686, 11497, 0.0, [178.40854, 39.472046, 203.80309])
1053_NUM
(72838, 11497, 0.0, [178.43103, 39.39068, 203.73836])
1041_NUM
(73322, 11497, 0.0, [178.42851, 39.40661, 203.74078])
1051_NUM
(73829, 11497, 0.0, [178.42136, 39.41355, 203.76202])
1082_NUM
(81290, 11497, 0.0, [178.37161, 39.59743, 203.89629])
1327_NUM
(31582, 11480, 0.0, [178.02821, 43.679317, 203.78818])
1341_NUM
(38216, 11480, 0.0, [178.02888, 43.72612, 203.80098])
1331_NUM
(39341, 11480, 0.0, [178.04036, 43.620827, 203.75323])
1348_NUM
(31691, 10655, 0.0, [178.02252, 43.74621, 203.63692])
1346_NUM
(31768, 10655, 0.0, [178.04077, 43.639454, 203.72636])
1349_NUM
(32642, 10655, 0.0, [178.02797, 43.75411, 203.65071])
1347_NUM
(34256, 10655, 0.0, [178.03754, 43.7534, 203.63336])
1356_NUM
(37578, 10655, 0.0, [178.04022, 43.91599, 203.50461])
1345_NUM
(37836, 10655, 0.0, [178.04268, 43.64065, 203.73605])
1337_NUM
(38195, 10655, 0.0, [178.04294, 43.67679, 203.70839])
1355_NUM
(38902, 10655, 0.0, [178.04475, 43.818714, 203.59158])
1365_NUM
(40938, 10655, 0.0, [178.05013, 43.935455, 203.47044])
1351_NUM
(41224, 10655, 0.0, [178.04552, 43.819717, 203.56392])
1364_NUM
(42473, 10655, 0.0, [178.05066, 43.903378, 203.50307])
1344_NUM
(42731, 10655, 0.0, [178.0432, 43.72533, 203.64699])
1352_NUM
(44636, 10655, 0.0, [178.04758, 43.88395, 203.50922])
1354_NUM
(45535, 10655, 0.0, [178.0431, 43.77642, 203.61476])
1357_NUM
(45991, 10655, 0.0, [178.0386, 43.646133, 203.71819])
1338_NUM
(46302, 10655, 0.0, [178.04591, 43.710606, 203.64308])
1358_NUM
(46387, 10655, 0.0, [178.04587, 43.74742, 203.6293])
1374_NUM
(46750, 10655, 0.0, [178.04816, 43.9364, 203.46136])
1339_NUM
(46943, 10655, 0.0, [178.0452, 43.82248, 203.56705])
1353_NUM
(50394, 10655, 0.0, [178.04475, 43.842613, 203.55229])
1062_NUM
(71088, 10606, 0.0, [178.40157, 39.502804, 203.6256])
1039_NUM
(75370, 10606, 0.0, [178.42683, 39.37778, 203.73672])
1038_NUM
(60680, 10152, 0.0, [178.44107, 39.147064, 203.76826])
1040_NUM
(35024, 9971, 0.0, [178.4681, 39.793365, 202.15083])
1020_NUM
(44397, 9971, 0.0, [178.49321, 39.652306, 202.24556])
1018_NUM
(45489, 9813, 0.0, [178.51903, 39.231636, 203.46822])
1002_NUM
(46207, 9813, 0.0, [178.57115, 39.11619, 203.4147])
1014_NUM
(47179, 9813, 0.0, [178.5225, 39.22097, 203.47963])
1025_NUM
(48135, 9813, 0.0, [178.54266, 39.189503, 203.44771])
1015_NUM
(51176, 9813, 0.0, [178.53981, 39.06172, 203.54572])
1005_NUM
(51219, 9813, 0.0, [178.56924, 39.135033, 203.4165])
1016_NUM
(51486, 9813, 0.0, [178.53935, 39.12545, 203.54124])
1031_NUM
(51842, 9813, 0.0, [178.55904, 39.17994, 203.42299])
1004_NUM
(56087, 9813, 0.0, [178.56897, 39.126125, 203.41023])
1055_NUM
(56236, 9813, 0.0, [178.6116, 39.20753, 203.54938])
1017_NUM
(57202, 9813, 0.0, [178.57251, 39.099422, 203.40764])
1013_NUM
(60026, 9813, 0.0, [178.56934, 39.13706, 203.44435])
1009_NUM
(61122, 9813, 0.0, [178.54893, 39.169277, 203.46085])
1012_NUM
(62338, 9813, 0.0, [178.58067, 39.094055, 203.4279])
1021_NUM
(62507, 9813, 0.0, [178.54372, 39.18456, 203.4789])
1034_NUM
(63985, 9813, 0.0, [178.49826, 39.262283, 203.5709])
1028_NUM
(65339, 9813, 0.0, [178.52678, 39.220356, 203.53204])
1079_NUM
(65577, 9813, 0.0, [178.72206, 39.19842, 203.53116])
1027_NUM
(67040, 9813, 0.0, [178.49194, 39.27621, 203.6005])
1022_NUM
(69278, 9813, 0.0, [178.57031, 39.145134, 203.44582])
1033_NUM
(69839, 9813, 0.0, [178.48903, 39.26957, 203.60374])
1048_NUM
(70045, 9813, 0.0, [178.54848, 39.11806, 203.56638])
1036_NUM
(73281, 9813, 0.0, [178.50801, 39.26338, 203.5625])
1029_NUM
(82240, 9813, 0.0, [178.53917, 39.21348, 203.52942])
1060_NUM
(45005, 9652, 0.0, [178.40948, 39.97069, 202.48535])
1001_NUM
(23691, 9442, 0.0, [178.59518, 39.06268, 203.38455])
1024_NUM
(33231, 9442, 0.0, [178.59978, 39.17231, 203.31468])
1035_NUM
(51923, 9442, 0.0, [178.5435, 39.225414, 203.35487])
1003_NUM
(57368, 9442, 0.0, [178.59044, 39.08337, 203.37703])
1007_NUM
(59745, 9442, 0.0, [178.58333, 39.082253, 203.39656])
1006_NUM
(60534, 9442, 0.0, [178.58623, 39.10909, 203.36665])
1011_NUM
(62644, 9442, 0.0, [178.59695, 39.088676, 203.40076])
1023_NUM
(70928, 9442, 0.0, [178.62877, 39.08119, 203.36433])
1026_NUM
(74834, 9442, 0.0, [178.56906, 39.14753, 203.37721])
1210_NUM
(35210, 9189, 0.0, [178.26546, 40.916016, 202.14186])
1057_NUM
(65174, 8991, 0.0, [178.85046, 39.018734, 203.36255])
1008_NUM
(52104, 8192, 0.0, [178.67778, 38.687473, 203.18338])
1010_NUM
(38021, 8124, 0.0, [178.52492, 39.499825, 201.9379])
1070_NUM
(33141, 8065, 0.0, [178.38692, 40.154526, 202.16869])
1150_NUM
(23789, 7606, 0.0, [178.33049, 40.61514, 201.7447])
1180_NUM
(27407, 7606, 0.0, [178.29936, 40.73217, 201.8789])
1220_NUM
(28733, 7606, 0.0, [178.29417, 40.86053, 201.74702])
1170_NUM
(29874, 7606, 0.0, [178.31093, 40.68519, 201.91808])
1375_NUM
(36205, 7585, 0.0, [178.04514, 43.985172, 203.42313])
1361_NUM
(40765, 7585, 0.0, [178.04964, 44.01259, 203.41656])
1363_NUM
(40845, 7585, 0.0, [178.04712, 43.948505, 203.464])
1362_NUM
(42529, 7585, 0.0, [178.04665, 43.96818, 203.43777])
1377_NUM
(32398, 7552, 0.0, [178.06683, 44.287483, 203.14687])
1369_NUM
(42961, 7552, 0.0, [178.09296, 44.303165, 203.12262])
1359_NUM
(46074, 7552, 0.0, [178.05515, 44.395397, 203.07977])
1080_NUM
(28723, 7444, 0.0, [178.3716, 40.358307, 201.95284])
1130_NUM
(28864, 7444, 0.0, [178.33017, 40.554825, 201.9208])
1160_NUM
(32281, 7444, 0.0, [178.33434, 40.50136, 202.04279])
1140_NUM
(36553, 7444, 0.0, [178.33525, 40.516613, 201.97998])
1120_NUM
(37679, 7444, 0.0, [178.3462, 40.46535, 201.93954])
1090_NUM
(43220, 7444, 0.0, [178.36441, 40.33962, 202.03185])
1110_NUM
(44424, 7444, 0.0, [178.36284, 40.3141, 202.05995])
1030_NUM
(39250, 7070, 0.0, [178.64156, 39.01562, 202.53671])
1371_NUM
(38131, 6990, 0.0, [178.04102, 44.215668, 203.18])
1378_NUM
(39845, 6990, 0.0, [178.06274, 44.193455, 203.23967])
1373_NUM
(42194, 6990, 0.0, [178.05801, 44.081722, 203.27264])
1372_NUM
(44022, 6990, 0.0, [178.04765, 44.15426, 203.23653])
1367_NUM
(44203, 6990, 0.0, [178.04753, 44.046597, 203.38277])
1366_NUM
(45574, 6990, 0.0, [178.05379, 44.13882, 203.31406])
1376_NUM
(46913, 6990, 0.0, [178.0623, 44.17954, 203.253])
1379_NUM
(47149, 6990, 0.0, [178.0541, 44.044243, 203.34314])
1050_NUM
(25430, 6880, 0.0, [178.41988, 40.07065, 201.9008])
1190_NUM
(31794, 6749, 0.0, [178.28932, 40.87078, 201.73633])
1230_NUM
(25710, 6553, 0.0, [178.27834, 40.972225, 201.68576])
1402_NUM
(33439, 5703, 0.0, [178.07057, 44.54717, 202.81836])
1399_NUM
(33815, 5703, 0.0, [178.06639, 44.51029, 202.86465])
1385_NUM
(34375, 5703, 0.0, [178.0651, 44.465397, 202.90227])
1388_NUM
(34473, 5703, 0.0, [178.06174, 44.37657, 202.99992])
1386_NUM
(34631, 5703, 0.0, [178.07251, 44.44537, 202.94685])
1392_NUM
(35065, 5703, 0.0, [178.0466, 44.37927, 203.01732])
1389_NUM
(35201, 5703, 0.0, [178.05429, 44.36207, 203.00906])
1381_NUM
(35660, 5703, 0.0, [178.06715, 44.4165, 202.99423])
1397_NUM
(36128, 5703, 0.0, [178.0677, 44.464794, 202.89502])
1413_NUM
(36209, 5703, 0.0, [178.06917, 44.56613, 202.79536])
1382_NUM
(37171, 5703, 0.0, [178.06163, 44.332455, 203.05779])
1401_NUM
(37796, 5703, 0.0, [178.06847, 44.551777, 202.8335])
1403_NUM
(38936, 5703, 0.0, [178.06894, 44.579987, 202.79433])
1398_NUM
(38995, 5703, 0.0, [178.06535, 44.57701, 202.79088])
1395_NUM
(39406, 5703, 0.0, [178.06972, 44.448708, 202.7974])
1408_NUM
(40173, 5703, 0.0, [178.06607, 44.57591, 202.79619])
1384_NUM
(41133, 5703, 0.0, [178.06616, 44.412865, 202.97942])
1383_NUM
(42271, 5703, 0.0, [178.0669, 44.35756, 203.05334])
1396_NUM
(42298, 5703, 0.0, [178.06544, 44.57134, 202.74292])
1393_NUM
(42869, 5703, 0.0, [178.07158, 44.553154, 202.78674])
1260_NUM
(25428, 5412, 0.0, [178.22844, 41.43143, 201.32402])
1240_NUM
(26033, 5412, 0.0, [178.23312, 41.43679, 201.26778])
1270_NUM
(28843, 5412, 0.0, [178.21289, 41.60726, 201.11172])
1280_NUM
(26031, 5206, 0.0, [178.21509, 41.63425, 201.10966])
1290_NUM
(26080, 5206, 0.0, [178.20992, 41.637875, 201.16777])
1250_NUM
(18905, 4878, 0.0, [178.25923, 41.2497, 200.88649])
1320_NUM
(27510, 4512, 0.0, [178.18184, 41.92588, 200.77785])
1310_NUM
(29859, 4512, 0.0, [178.19283, 41.748226, 200.83536])
1340_NUM
(25149, 3959, 0.0, [178.16881, 42.16408, 200.7949])
1360_NUM
(31007, 3959, 0.0, [178.16354, 42.196056, 200.77086])
1100_NUM
(12175, 3742, 0.0, [178.26169, 41.318344, 200.22545])
1404_NUM
(37071, 3658, 0.0, [178.07173, 44.621758, 202.75604])
1421_NUM
(37358, 3658, 0.0, [178.07323, 44.61962, 202.76279])
1407_NUM
(41507, 3658, 0.0, [178.07207, 44.634804, 202.7412])
1380_NUM
(28959, 3512, 0.0, [178.15172, 42.36796, 200.75452])
1370_NUM
(28966, 3512, 0.0, [178.15265, 42.35348, 200.76306])
1350_NUM
(20500, 3460, 0.0, [178.1751, 42.04562, 200.66682])
1330_NUM
(27308, 3460, 0.0, [178.16235, 42.234035, 200.7238])
1394_NUM
(41050, 3376, 0.0, [178.13458, 44.801716, 202.57806])
1415_NUM
(27645, 3369, 0.0, [178.06178, 44.821865, 202.487])
1425_NUM
(34533, 3369, 0.0, [178.06944, 44.7333, 202.5955])
1422_NUM
(35258, 3369, 0.0, [178.07329, 44.746716, 202.61786])
1405_NUM
(36176, 3369, 0.0, [178.07172, 44.682724, 202.6884])
1406_NUM
(37053, 3369, 0.0, [178.07262, 44.65261, 202.71999])
1429_NUM
(37533, 3369, 0.0, [178.06885, 44.80338, 202.53761])
1417_NUM
(37892, 3369, 0.0, [178.07367, 44.713734, 202.65308])
1414_NUM
(38143, 3369, 0.0, [178.06778, 44.728786, 202.61565])
1419_NUM
(38364, 3369, 0.0, [178.09187, 44.876797, 202.46646])
1424_NUM
(38835, 3369, 0.0, [178.0667, 44.829376, 202.48737])
1418_NUM
(39258, 3369, 0.0, [178.06438, 44.82266, 202.48355])
1428_NUM
(40234, 3369, 0.0, [178.06477, 44.82343, 202.46738])
1409_NUM
(40500, 3369, 0.0, [178.07059, 44.734222, 202.61649])
1433_NUM
(40515, 3369, 0.0, [178.0816, 44.87017, 202.48624])
1391_NUM
(40789, 3369, 0.0, [178.07033, 44.6412, 202.70863])
1427_NUM
(41138, 3369, 0.0, [178.06575, 44.879288, 202.41283])
1423_NUM
(41311, 3369, 0.0, [178.06963, 44.660404, 202.70465])
1411_NUM
(41588, 3369, 0.0, [178.07108, 44.74876, 202.60129])
1387_NUM
(42445, 3369, 0.0, [178.02391, 44.71864, 202.6501])
1412_NUM
(42943, 3369, 0.0, [178.06583, 44.65979, 202.6916])
1416_NUM
(43819, 3369, 0.0, [178.07788, 44.66766, 202.71638])
1300_NUM
(11035, 3269, 0.0, [178.19817, 41.79231, 199.9319])
1390_NUM
(29873, 3154, 0.0, [178.11018, 43.08167, 200.9502])
1435_NUM
(34111, 3150, 0.0, [178.06424, 44.941986, 202.3621])
1426_NUM
(42772, 3150, 0.0, [178.06628, 44.8979, 202.37747])
1496_NUM
(33127, 3140, 0.0, [177.93446, 45.841286, 200.4723])
1488_NUM
(33136, 3140, 0.0, [177.95757, 45.740234, 200.70023])
1400_NUM
(11444, 3095, 0.0, [178.14296, 42.078865, 200.07663])
1420_NUM
(25812, 3069, 0.0, [178.11913, 42.91776, 200.71036])
1430_NUM
(27874, 3069, 0.0, [178.10709, 42.87935, 200.61206])
1410_NUM
(28660, 3069, 0.0, [178.1209, 42.730915, 200.67546])
1200_NUM
(7937, 3064, 0.0, [178.27933, 41.32393, 199.55022])
1493_NUM
(28762, 3054, 0.0, [177.9453, 45.903774, 200.33357])
1495_NUM
(28799, 3054, 0.0, [177.91391, 45.92948, 200.26822])
1497_NUM
(28877, 3054, 0.0, [177.91571, 45.925564, 200.268])
1499_NUM
(29322, 3054, 0.0, [177.92546, 45.88182, 200.38905])
1494_NUM
(30007, 3054, 0.0, [177.91776, 45.9233, 200.28348])
120_NUM
(3517, 2979, 0.0, [182.93208, 25.383915, 173.47446])
130_NUM
(5429, 2979, 0.0, [183.07332, 25.31903, 173.7357])
160_NUM
(6059, 2979, 0.0, [183.05974, 25.38133, 173.7522])
170_NUM
(7988, 2977, 0.0, [183.10356, 25.304735, 174.35347])
110_NUM
(5183, 2967, 0.0, [183.20088, 25.185, 173.82004])
140_NUM
(5970, 2967, 0.0, [183.11255, 25.28165, 173.96283])
125_NUM
(6246, 2967, 0.0, [183.1332, 25.253008, 173.89374])
180_NUM
(5544, 2955, 0.0, [182.93279, 25.47636, 174.35986])
175_NUM
(9377, 2946, 0.0, [183.27736, 25.114897, 174.35558])
185_NUM
(11782, 2946, 0.0, [183.415, 24.96928, 174.32077])
190_NUM
(9292, 2932, 0.0, [183.19151, 25.204956, 174.90376])
220_NUM
(7949, 2929, 0.0, [182.98116, 25.45669, 174.733])
1492_NUM
(20777, 2928, 0.0, [177.89731, 45.975044, 200.18683])
1498_NUM
(28882, 2928, 0.0, [177.90163, 45.9934, 200.10088])
128_NUM
(8670, 2925, 0.0, [183.55629, 24.797585, 174.71712])
165_NUM
(10762, 2925, 0.0, [183.44434, 24.939716, 174.49355])
152_NUM
(12042, 2925, 0.0, [183.62015, 24.753735, 174.47183])
146_NUM
(12829, 2925, 0.0, [183.6258, 24.74661, 174.45587])
156_NUM
(12975, 2925, 0.0, [183.63849, 24.735214, 174.4609])
154_NUM
(13489, 2925, 0.0, [183.62653, 24.746515, 174.45409])
148_NUM
(13558, 2925, 0.0, [183.61566, 24.75972, 174.4528])
195_NUM
(13939, 2925, 0.0, [183.47919, 24.90796, 174.76343])
157_NUM
(14020, 2925, 0.0, [183.63205, 24.741877, 174.48222])
162_NUM
(14191, 2925, 0.0, [183.61981, 24.755438, 174.56976])
163_NUM
(14230, 2925, 0.0, [183.60423, 24.770515, 174.73468])
161_NUM
(14282, 2925, 0.0, [183.63138, 24.74263, 174.44516])
164_NUM
(14421, 2925, 0.0, [183.63393, 24.74018, 174.49512])
172_NUM
(14459, 2925, 0.0, [183.61044, 24.764355, 174.63576])
166_NUM
(14557, 2925, 0.0, [183.61476, 24.766634, 174.6692])
182_NUM
(14621, 2925, 0.0, [183.58478, 24.777735, 174.59866])
176_NUM
(15040, 2925, 0.0, [183.62956, 24.74926, 174.52153])
159_NUM
(15446, 2925, 0.0, [183.61612, 24.762075, 174.63724])
187_NUM
(15580, 2925, 0.0, [183.61201, 24.766787, 174.69484])
178_NUM
(15662, 2925, 0.0, [183.60043, 24.776247, 174.73717])
173_NUM
(15774, 2925, 0.0, [183.61726, 24.76185, 174.65355])
191_NUM
(16066, 2925, 0.0, [183.63988, 24.7481, 174.54152])
193_NUM
(16259, 2925, 0.0, [183.60269, 24.782736, 174.73552])
240_NUM
(9102, 2914, 0.0, [182.9069, 25.55257, 174.79503])
230_NUM
(9982, 2914, 0.0, [183.02957, 25.39888, 174.92851])
101_NUM
(5917, 2911, 0.0, [183.62367, 24.733894, 174.09552])
105_NUM
(7004, 2911, 0.0, [183.59985, 24.7585, 174.06429])
102_NUM
(7908, 2911, 0.0, [183.62503, 24.73562, 174.09724])
104_NUM
(8091, 2911, 0.0, [183.62825, 24.73198, 174.09602])
103_NUM
(8182, 2911, 0.0, [183.62201, 24.736326, 174.10515])
106_NUM
(8296, 2911, 0.0, [183.62411, 24.735224, 174.10812])
107_NUM
(9354, 2911, 0.0, [183.628, 24.733513, 174.09886])
113_NUM
(9750, 2911, 0.0, [183.64691, 24.71353, 174.0662])
136_NUM
(11897, 2911, 0.0, [183.68234, 24.69026, 174.0869])
142_NUM
(13011, 2911, 0.0, [183.70427, 24.6693, 174.02246])
167_NUM
(13803, 2911, 0.0, [183.58151, 24.79137, 174.80553])
171_NUM
(14289, 2911, 0.0, [183.5962, 24.77955, 174.83748])
183_NUM
(14590, 2911, 0.0, [183.59433, 24.785063, 174.84898])
169_NUM
(14667, 2911, 0.0, [183.59631, 24.782125, 174.8262])
192_NUM
(14969, 2911, 0.0, [183.5915, 24.785336, 174.8041])
177_NUM
(15126, 2911, 0.0, [183.57726, 24.80112, 174.96648])
181_NUM
(15444, 2911, 0.0, [183.5976, 24.775612, 174.82385])
194_NUM
(15872, 2911, 0.0, [183.59885, 24.7783, 174.84149])
174_NUM
(15885, 2911, 0.0, [183.59798, 24.784042, 174.83057])
184_NUM
(16276, 2911, 0.0, [183.5965, 24.78621, 174.8369])
198_NUM
(16343, 2911, 0.0, [183.5765, 24.862154, 174.92433])
186_NUM
(16589, 2911, 0.0, [183.56651, 24.8151, 175.10088])
188_NUM
(16656, 2911, 0.0, [183.5748, 24.80786, 174.79752])
179_NUM
(16758, 2911, 0.0, [183.5839, 24.794733, 174.83562])
196_NUM
(16789, 2911, 0.0, [183.58719, 24.79832, 174.94589])
189_NUM
(16948, 2911, 0.0, [183.54034, 24.848253, 174.99931])
199_NUM
(17043, 2911, 0.0, [183.5933, 24.793686, 174.84622])
115_NUM
(8273, 2907, 0.0, [183.46324, 24.91584, 174.17198])
112_NUM
(8584, 2907, 0.0, [183.63419, 24.724085, 174.12811])
111_NUM
(8751, 2907, 0.0, [183.62823, 24.734247, 174.12386])
109_NUM
(8843, 2907, 0.0, [183.62694, 24.73506, 174.12807])
135_NUM
(8931, 2907, 0.0, [183.46886, 24.912283, 174.29384])
122_NUM
(9854, 2907, 0.0, [183.64137, 24.728954, 174.14159])
114_NUM
(9950, 2907, 0.0, [183.62608, 24.738256, 174.11351])
117_NUM
(10043, 2907, 0.0, [183.63542, 24.72831, 174.1307])
127_NUM
(10074, 2907, 0.0, [183.63052, 24.735605, 174.21182])
116_NUM
(10090, 2907, 0.0, [183.63329, 24.732315, 174.18648])
123_NUM
(10257, 2907, 0.0, [183.6445, 24.72115, 174.1977])
121_NUM
(10261, 2907, 0.0, [183.64557, 24.728306, 174.33116])
118_NUM
(10342, 2907, 0.0, [183.62775, 24.736107, 174.1565])
145_NUM
(10383, 2907, 0.0, [183.45824, 24.92145, 174.24323])
119_NUM
(10633, 2907, 0.0, [183.62833, 24.736574, 174.19922])
126_NUM
(10704, 2907, 0.0, [183.63522, 24.729807, 174.2049])
124_NUM
(10727, 2907, 0.0, [183.63744, 24.72844, 174.2236])
155_NUM
(10782, 2907, 0.0, [183.50946, 24.87391, 174.1751])
132_NUM
(10978, 2907, 0.0, [183.6242, 24.74376, 174.23189])
129_NUM
(11269, 2907, 0.0, [183.62088, 24.747704, 174.39627])
133_NUM
(11332, 2907, 0.0, [183.65634, 24.745457, 174.42305])
144_NUM
(11579, 2907, 0.0, [183.63737, 24.732874, 174.43028])
138_NUM
(11675, 2907, 0.0, [183.63637, 24.733164, 174.28566])
131_NUM
(11746, 2907, 0.0, [183.63191, 24.73653, 174.28908])
141_NUM
(12130, 2907, 0.0, [183.6298, 24.73863, 174.33067])
137_NUM
(12427, 2907, 0.0, [183.63986, 24.731186, 174.3807])
134_NUM
(12569, 2907, 0.0, [183.63208, 24.738342, 174.3834])
147_NUM
(12785, 2907, 0.0, [183.65086, 24.72068, 174.34995])
151_NUM
(13057, 2907, 0.0, [183.6398, 24.73028, 174.34123])
168_NUM
(13141, 2907, 0.0, [183.64314, 24.737566, 174.3278])
139_NUM
(13278, 2907, 0.0, [183.62553, 24.747965, 174.41396])
153_NUM
(13419, 2907, 0.0, [183.63617, 24.736874, 174.43257])
149_NUM
(13743, 2907, 0.0, [183.62758, 24.74493, 174.43872])
158_NUM
(14018, 2907, 0.0, [183.638, 24.736298, 174.43013])
1515_NUM
(23887, 2887, 0.0, [177.85599, 46.043438, 199.85814])
1513_NUM
(23958, 2887, 0.0, [177.85582, 46.080498, 199.81596])
1512_NUM
(25494, 2887, 0.0, [177.88702, 46.024635, 200.05255])
1516_NUM
(25802, 2887, 0.0, [177.91786, 45.98304, 199.97092])
1503_NUM
(25934, 2887, 0.0, [177.8823, 46.055855, 199.94836])
1501_NUM
(26820, 2887, 0.0, [177.87645, 46.05925, 199.92833])
1509_NUM
(26905, 2887, 0.0, [177.8708, 46.056797, 199.89308])
1505_NUM
(27319, 2887, 0.0, [177.86739, 46.091583, 199.8516])
1502_NUM
(28155, 2887, 0.0, [177.88753, 46.02846, 200.01204])
1504_NUM
(28422, 2887, 0.0, [177.8846, 46.04099, 199.96904])
1506_NUM
(28979, 2887, 0.0, [177.85995, 46.09761, 199.81609])
1508_NUM
(29251, 2887, 0.0, [177.86761, 46.094955, 199.88058])
1507_NUM
(32030, 2887, 0.0, [177.87064, 46.08316, 199.88435])
108_NUM
(7919, 2885, 0.0, [183.70619, 24.653894, 173.7138])
1510_NUM
(23827, 2878, 0.0, [177.83005, 45.131767, 199.39062])
1431_NUM
(36345, 2868, 0.0, [178.05649, 45.0275, 202.21371])
1439_NUM
(38525, 2868, 0.0, [178.05342, 45.063618, 202.10147])
1436_NUM
(39234, 2868, 0.0, [178.06067, 45.022816, 202.21103])
1442_NUM
(39300, 2868, 0.0, [178.05751, 45.072178, 202.10855])
1437_NUM
(40349, 2868, 0.0, [178.05922, 45.050056, 202.17384])
1438_NUM
(40918, 2868, 0.0, [178.05438, 45.063564, 202.11157])
1434_NUM
(41792, 2868, 0.0, [178.06296, 45.00155, 202.24918])
1443_NUM
(41825, 2868, 0.0, [178.07323, 45.05023, 202.17838])
1432_NUM
(42035, 2868, 0.0, [178.0617, 44.992817, 202.25864])
143_NUM
(12946, 2819, 0.0, [183.73335, 24.63072, 174.2464])
1517_NUM
(23321, 2737, 0.0, [177.78952, 46.20483, 199.41306])
1514_NUM
(27338, 2737, 0.0, [177.80945, 46.157864, 199.549])
1511_NUM
(27919, 2737, 0.0, [177.84532, 46.11491, 199.74239])
appx_NOUN
(208589, 2706, 0.0, [182.80023, 26.064957, 172.79901])
1450_NUM
(18167, 2657, 0.0, [178.06816, 43.276764, 200.4309])
1453_NUM
(25851, 2624, 0.0, [178.04138, 45.138996, 201.89944])
1444_NUM
(35228, 2624, 0.0, [178.04897, 45.141956, 201.94823])
1451_NUM
(37319, 2624, 0.0, [178.04471, 45.202145, 201.85835])
1441_NUM
(38075, 2624, 0.0, [178.05151, 45.09873, 202.04163])
1445_NUM
(38471, 2624, 0.0, [178.05531, 45.140163, 202.00343])
1447_NUM
(38830, 2624, 0.0, [178.04387, 45.20246, 201.84521])
1449_NUM
(39107, 2624, 0.0, [178.0502, 45.25747, 201.83926])
1446_NUM
(41425, 2624, 0.0, [178.05112, 45.16292, 201.9517])
1490_NUM
(23931, 2410, 0.0, [178.05373, 43.407604, 200.4263])
1460_NUM
(24186, 2410, 0.0, [178.05957, 43.50259, 200.52835])
1440_NUM
(26158, 2410, 0.0, [178.06425, 43.38684, 200.50096])
1458_NUM
(36375, 2387, 0.0, [178.0394, 45.246895, 201.72946])
1456_NUM
(37644, 2387, 0.0, [178.037, 45.26474, 201.72198])
1470_NUM
(26160, 2301, 0.0, [178.02676, 43.839233, 200.41774])
1461_NUM
(31026, 2230, 0.0, [178.0253, 45.303856, 201.4946])
1455_NUM
(32551, 2230, 0.0, [178.02197, 45.47796, 201.71953])
1476_NUM
(33692, 2230, 0.0, [178.02327, 45.366634, 201.48448])
1474_NUM
(34774, 2230, 0.0, [178.00847, 45.540405, 201.4117])
1466_NUM
(34779, 2230, 0.0, [178.02618, 45.350086, 201.56152])
1462_NUM
(35688, 2230, 0.0, [178.02393, 45.3566, 201.4999])
1459_NUM
(35912, 2230, 0.0, [178.03125, 45.309185, 201.5923])
1464_NUM
(36763, 2230, 0.0, [178.03226, 45.327885, 201.63158])
1472_NUM
(36927, 2230, 0.0, [178.01607, 45.429405, 201.41447])
1452_NUM
(37698, 2230, 0.0, [178.03528, 45.282444, 201.72061])
1448_NUM
(37950, 2230, 0.0, [178.03691, 45.283314, 201.7316])
1468_NUM
(38193, 2230, 0.0, [178.01746, 45.418217, 201.43698])
1463_NUM
(38502, 2230, 0.0, [178.02962, 45.326866, 201.62965])
1454_NUM
(39182, 2230, 0.0, [178.03, 45.320305, 201.69305])
1457_NUM
(39776, 2230, 0.0, [178.02681, 45.355885, 201.5681])
538_NUM
(33494, 2208, 0.0, [182.44987, 25.703403, 180.95314])
555_NUM
(26739, 2180, 0.0, [182.5948, 25.541008, 180.69408])
511_NUM
(28050, 2180, 0.0, [182.63148, 25.50666, 180.45721])
522_NUM
(29555, 2180, 0.0, [182.5893, 25.550755, 180.64993])
533_NUM
(32015, 2180, 0.0, [182.60773, 25.51687, 180.7073])
506_NUM
(33390, 2180, 0.0, [182.56033, 25.54974, 180.57848])
516_NUM
(35256, 2180, 0.0, [182.59016, 25.54012, 180.66322])
541_NUM
(36325, 2180, 0.0, [182.56577, 25.578545, 180.72511])
517_NUM
(37577, 2180, 0.0, [182.629, 25.525597, 180.44745])
502_NUM
(28558, 2174, 0.0, [182.66655, 25.47987, 180.35573])
503_NUM
(29150, 2174, 0.0, [182.63303, 25.506775, 180.39784])
524_NUM
(31825, 2174, 0.0, [182.623, 25.537884, 180.29655])
529_NUM
(32475, 2174, 0.0, [182.66695, 25.478695, 180.38911])
513_NUM
(33122, 2174, 0.0, [182.56496, 25.563887, 180.23885])
521_NUM
(34447, 2174, 0.0, [182.60927, 25.56224, 180.39803])
504_NUM
(22806, 2157, 0.0, [182.70938, 25.468504, 179.8713])
514_NUM
(25936, 2157, 0.0, [182.70361, 25.47036, 179.81557])
505_NUM
(26395, 2157, 0.0, [182.6802, 25.49889, 179.95818])
509_NUM
(29653, 2157, 0.0, [182.70432, 25.46784, 179.96947])
507_NUM
(29876, 2157, 0.0, [182.73645, 25.452473, 179.78008])
508_NUM
(30280, 2157, 0.0, [182.70244, 25.47157, 179.97668])
439_NUM
(34998, 2157, 0.0, [182.73122, 25.458515, 179.83675])
515_NUM
(29954, 2155, 0.0, [182.6783, 25.66314, 180.04779])
535_NUM
(29443, 2148, 0.0, [182.57124, 25.53819, 180.91039])
565_NUM
(30110, 2148, 0.0, [182.55038, 25.538204, 181.08403])
575_NUM
(30867, 2148, 0.0, [182.51527, 25.6238, 180.79694])
518_NUM
(32159, 2148, 0.0, [182.54446, 25.57734, 180.8432])
528_NUM
(33359, 2148, 0.0, [182.55402, 25.538643, 181.08049])
531_NUM
(33629, 2148, 0.0, [182.55705, 25.53864, 181.02806])
551_NUM
(34217, 2148, 0.0, [182.59355, 25.509346, 180.93053])
537_NUM
(35278, 2148, 0.0, [182.54588, 25.547398, 181.04884])
544_NUM
(35328, 2148, 0.0, [182.58202, 25.530756, 180.89899])
545_NUM
(35816, 2148, 0.0, [182.56584, 25.551584, 180.92842])
542_NUM
(35972, 2148, 0.0, [182.5803, 25.53403, 180.8522])
526_NUM
(36444, 2148, 0.0, [182.56836, 25.536272, 180.94644])
539_NUM
(36554, 2148, 0.0, [182.56926, 25.54021, 180.9399])
553_NUM
(37081, 2148, 0.0, [182.55597, 25.53332, 181.0904])
543_NUM
(37457, 2148, 0.0, [182.56448, 25.541933, 181.00069])
554_NUM
(37740, 2148, 0.0, [182.56381, 25.52727, 181.03487])
523_NUM
(37780, 2148, 0.0, [182.56389, 25.534803, 180.97327])
546_NUM
(37918, 2148, 0.0, [182.58818, 25.53172, 180.83594])
548_NUM
(38321, 2148, 0.0, [182.59962, 25.50341, 180.98706])
576_NUM
(38454, 2148, 0.0, [182.61537, 25.47855, 180.9467])
519_NUM
(38692, 2148, 0.0, [182.46829, 25.615814, 180.81592])
563_NUM
(41044, 2148, 0.0, [182.5674, 25.526703, 180.99384])
564_NUM
(43978, 2148, 0.0, [182.57056, 25.513393, 181.06883])
594_NUM
(48115, 2148, 0.0, [182.60303, 25.50513, 180.82031])
495_NUM
(27079, 2120, 0.0, [182.68661, 25.511816, 179.50694])
497_NUM
(27092, 2120, 0.0, [182.73218, 25.45251, 179.66484])
488_NUM
(28681, 2120, 0.0, [182.74644, 25.45278, 179.57822])
485_NUM
(29312, 2120, 0.0, [182.73172, 25.48773, 179.45149])
491_NUM
(30214, 2120, 0.0, [182.74483, 25.442802, 179.63303])
489_NUM
(31827, 2120, 0.0, [182.7272, 25.456984, 179.71327])
494_NUM
(32068, 2120, 0.0, [182.74577, 25.44946, 179.60875])
482_NUM
(32139, 2120, 0.0, [182.73897, 25.450356, 179.64597])
443_NUM
(32626, 2120, 0.0, [182.72374, 25.464466, 179.44917])
452_NUM
(33160, 2120, 0.0, [182.73685, 25.45888, 179.72739])
487_NUM
(33591, 2120, 0.0, [182.7181, 25.470745, 179.58047])
466_NUM
(34019, 2120, 0.0, [182.75693, 25.454977, 179.5198])
471_NUM
(34171, 2120, 0.0, [182.75092, 25.45551, 179.56996])
453_NUM
(34230, 2120, 0.0, [182.74904, 25.452806, 179.63394])
492_NUM
(35095, 2120, 0.0, [182.75539, 25.44891, 179.56279])
476_NUM
(29643, 2119, 0.0, [182.77403, 25.44204, 179.43782])
372_NUM
(29896, 2119, 0.0, [182.83209, 25.386612, 179.44203])
493_NUM
(30018, 2119, 0.0, [182.79498, 25.402477, 179.48294])
499_NUM
(30297, 2119, 0.0, [182.76807, 25.4331, 179.56467])
457_NUM
(30581, 2119, 0.0, [182.77238, 25.44053, 179.49936])
445_NUM
(31191, 2119, 0.0, [182.77869, 25.43664, 179.48688])
447_NUM
(31257, 2119, 0.0, [182.79462, 25.414192, 179.51442])
462_NUM
(32455, 2119, 0.0, [182.79396, 25.418976, 179.50003])
449_NUM
(34153, 2119, 0.0, [182.7971, 25.417784, 179.43784])
478_NUM
(34233, 2119, 0.0, [182.76817, 25.4421, 179.52881])
467_NUM
(34523, 2119, 0.0, [182.76834, 25.437643, 179.5586])
472_NUM
(34540, 2119, 0.0, [182.79106, 25.419523, 179.46176])
464_NUM
(35285, 2119, 0.0, [182.76532, 25.443943, 179.54134])
459_NUM
(36124, 2119, 0.0, [182.78816, 25.425413, 179.46475])
483_NUM
(36167, 2119, 0.0, [182.77173, 25.438374, 179.50029])
463_NUM
(37975, 2119, 0.0, [182.7923, 25.420696, 179.44966])
469_NUM
(38043, 2119, 0.0, [182.78381, 25.427324, 179.47202])
477_NUM
(38446, 2119, 0.0, [182.76686, 25.43857, 179.54312])
510_NUM
(23179, 2105, 0.0, [182.52063, 25.77399, 179.60863])
525_NUM
(24144, 2098, 0.0, [182.3637, 25.94713, 179.94344])
475_NUM
(25976, 2096, 0.0, [182.76363, 25.4553, 179.4062])
720_NUM
(19709, 2095, 0.0, [182.08156, 26.245195, 181.25848])
599_NUM
(40187, 2092, 0.0, [182.42378, 25.636324, 181.44618])
1480_NUM
(25213, 2086, 0.0, [178.01178, 43.874775, 200.29913])
451_NUM
(24073, 2083, 0.0, [182.84407, 25.377266, 179.33455])
465_NUM
(29600, 2083, 0.0, [182.76701, 25.465105, 179.29555])
479_NUM
(29743, 2083, 0.0, [182.76648, 25.446865, 179.39178])
496_NUM
(30704, 2083, 0.0, [182.85602, 25.334833, 179.33102])
486_NUM
(31159, 2083, 0.0, [182.83344, 25.392363, 179.19188])
498_NUM
(31469, 2083, 0.0, [182.89064, 25.30729, 179.222])
458_NUM
(31774, 2083, 0.0, [182.83574, 25.40114, 179.26234])
456_NUM
(32022, 2083, 0.0, [182.82263, 25.40703, 179.28783])
433_NUM
(32183, 2083, 0.0, [182.83247, 25.403654, 179.25555])
442_NUM
(32493, 2083, 0.0, [182.85704, 25.37435, 179.21188])
436_NUM
(33144, 2083, 0.0, [182.77798, 25.470894, 179.34602])
434_NUM
(33466, 2083, 0.0, [182.84462, 25.412176, 179.11224])
474_NUM
(35046, 2083, 0.0, [182.84029, 25.385817, 179.26753])
461_NUM
(35135, 2083, 0.0, [182.80287, 25.41506, 179.41391])
448_NUM
(35450, 2083, 0.0, [182.8554, 25.38035, 179.2207])
438_NUM
(35547, 2083, 0.0, [182.81248, 25.409986, 179.37453])
446_NUM
(35656, 2083, 0.0, [182.80534, 25.416796, 179.36371])
473_NUM
(36009, 2083, 0.0, [182.81117, 25.409424, 179.36252])
481_NUM
(36091, 2083, 0.0, [182.79854, 25.4182, 179.4144])
468_NUM
(37383, 2083, 0.0, [182.83107, 25.401833, 179.2548])
1483_NUM
(29828, 2082, 0.0, [177.99554, 45.603283, 201.09465])
1471_NUM
(30676, 2082, 0.0, [178.02037, 45.383835, 201.40231])
1475_NUM
(31927, 2082, 0.0, [178.00665, 45.48599, 201.27913])
1478_NUM
(33559, 2082, 0.0, [178.01, 45.47614, 201.29987])
1477_NUM
(34441, 2082, 0.0, [178.00552, 45.477844, 201.29199])
1487_NUM
(35384, 2082, 0.0, [177.99512, 45.560562, 201.1001])
1479_NUM
(35652, 2082, 0.0, [177.99751, 45.57352, 201.29468])
1469_NUM
(36550, 2082, 0.0, [178.00989, 45.474094, 201.32014])
1481_NUM
(36872, 2082, 0.0, [177.9862, 45.552334, 201.077])
1467_NUM
(37437, 2082, 0.0, [178.01674, 45.42431, 201.40317])
1473_NUM
(37472, 2082, 0.0, [178.00766, 45.45939, 201.34427])
1465_NUM
(37972, 2082, 0.0, [178.01671, 45.360462, 201.38498])
540_NUM
(19374, 2060, 0.0, [181.98842, 26.33737, 180.76833])
435_NUM
(24946, 2050, 0.0, [182.85277, 25.39424, 179.04265])
455_NUM
(27115, 2050, 0.0, [182.91612, 25.34221, 178.83159])
423_NUM
(30115, 2050, 0.0, [182.93304, 25.332764, 178.79916])
454_NUM
(30347, 2050, 0.0, [182.92398, 25.33904, 178.83414])
432_NUM
(30392, 2050, 0.0, [182.92996, 25.331, 178.82034])
444_NUM
(30466, 2050, 0.0, [182.88306, 25.359858, 179.05064])
419_NUM
(30635, 2050, 0.0, [182.92981, 25.346516, 178.77167])
388_NUM
(30898, 2050, 0.0, [182.92516, 25.33866, 178.89244])
424_NUM
(31286, 2050, 0.0, [182.94583, 25.315086, 178.87329])
418_NUM
(31474, 2050, 0.0, [182.86884, 25.37708, 179.10208])
484_NUM
(32793, 2050, 0.0, [182.90067, 25.33132, 179.05093])
437_NUM
(33341, 2050, 0.0, [182.92526, 25.338266, 178.82097])
480_NUM
(14023, 2049, 0.0, [182.49431, 25.823048, 179.1261])
490_NUM
(24225, 2049, 0.0, [182.5917, 25.673725, 179.25314])
560_NUM
(21130, 2047, 0.0, [181.93703, 26.355865, 181.35803])
570_NUM
(23854, 2047, 0.0, [181.87541, 26.451685, 181.26103])
610_NUM
(20243, 2042, 0.0, [181.80263, 26.50185, 181.88448])
630_NUM
(20487, 2042, 0.0, [181.85027, 26.40772, 181.99269])
680_NUM
(23058, 2042, 0.0, [181.78833, 26.52268, 181.85638])
607_NUM
(38080, 2040, 0.0, [182.21107, 25.775482, 182.35004])
589_NUM
(39635, 2040, 0.0, [182.32884, 25.63417, 182.38432])
608_NUM
(39959, 2040, 0.0, [182.26619, 25.718897, 182.35579])
431_NUM
(26403, 2026, 0.0, [183.06186, 25.200317, 178.72473])
414_NUM
(27913, 2026, 0.0, [183.02135, 25.272533, 178.444])
413_NUM
(28447, 2026, 0.0, [183.0062, 25.28205, 178.50941])
374_NUM
(30063, 2026, 0.0, [183.00266, 25.28095, 178.50876])
394_NUM
(30237, 2026, 0.0, [183.00279, 25.291145, 178.4834])
387_NUM
(31025, 2026, 0.0, [182.98755, 25.299932, 178.57602])
397_NUM
(31836, 2026, 0.0, [183.02615, 25.27145, 178.44196])
530_NUM
(21068, 2023, 0.0, [182.06206, 26.26429, 180.1666])
527_NUM
(29139, 2020, 0.0, [182.49706, 25.55005, 181.23988])
532_NUM
(33639, 2020, 0.0, [182.55739, 25.52968, 181.1191])
534_NUM
(34202, 2020, 0.0, [182.51678, 25.540115, 181.39088])
552_NUM
(34406, 2020, 0.0, [182.53905, 25.538166, 181.21953])
582_NUM
(35058, 2020, 0.0, [182.55272, 25.52743, 181.14442])
536_NUM
(36434, 2020, 0.0, [182.49174, 25.58727, 181.22414])
571_NUM
(37103, 2020, 0.0, [182.52818, 25.545757, 181.2776])
595_NUM
(37596, 2020, 0.0, [182.47533, 25.620014, 181.2453])
561_NUM
(37681, 2020, 0.0, [182.5621, 25.52814, 181.10567])
547_NUM
(37876, 2020, 0.0, [182.54198, 25.55059, 181.11983])
562_NUM
(38656, 2020, 0.0, [182.54994, 25.53029, 181.21649])
557_NUM
(39450, 2020, 0.0, [182.56424, 25.51612, 181.15549])
567_NUM
(39859, 2020, 0.0, [182.56113, 25.50256, 181.2998])
558_NUM
(40707, 2020, 0.0, [182.56996, 25.510933, 181.13345])
572_NUM
(40779, 2020, 0.0, [182.52411, 25.54311, 181.31226])
568_NUM
(40833, 2020, 0.0, [182.51755, 25.540373, 181.42387])
578_NUM
(41033, 2020, 0.0, [182.56096, 25.521696, 181.17352])
556_NUM
(41428, 2020, 0.0, [182.57632, 25.479252, 181.35])
559_NUM
(41613, 2020, 0.0, [182.5467, 25.536625, 181.13193])
579_NUM
(43092, 2020, 0.0, [182.5521, 25.52733, 181.19241])
573_NUM
(43594, 2020, 0.0, [182.55693, 25.519306, 181.22348])
569_NUM
(44083, 2020, 0.0, [182.5257, 25.537855, 181.33958])
584_NUM
(44888, 2020, 0.0, [182.53151, 25.53432, 181.31929])
591_NUM
(46375, 2020, 0.0, [182.54213, 25.52304, 181.30664])
593_NUM
(47295, 2020, 0.0, [182.56062, 25.510857, 181.20905])
660_NUM
(22471, 2019, 0.0, [181.87119, 26.451475, 181.44073])
620_NUM
(23000, 2019, 0.0, [181.825, 26.496294, 181.60594])
590_NUM
(24380, 2019, 0.0, [181.8363, 26.499426, 181.50159])
760_NUM
(27901, 2002, 0.0, [181.72617, 26.603325, 182.00645])
690_NUM
(28338, 2002, 0.0, [181.7581, 26.581743, 181.84245])
422_NUM
(25453, 2000, 0.0, [182.93643, 25.32173, 178.66783])
417_NUM
(27807, 2000, 0.0, [182.98413, 25.309427, 178.50293])
416_NUM
(28495, 2000, 0.0, [182.98856, 25.30781, 178.48976])
398_NUM
(30086, 2000, 0.0, [182.96414, 25.314486, 178.63846])
406_NUM
(25015, 1998, 0.0, [183.10474, 25.16468, 178.62183])
625_NUM
(26762, 1995, 0.0, [181.98949, 26.070024, 182.69127])
670_NUM
(25988, 1994, 0.0, [181.78183, 26.467035, 182.2244])
710_NUM
(26353, 1994, 0.0, [181.81119, 26.43151, 182.28407])
549_NUM
(37532, 1987, 0.0, [182.41795, 25.594704, 181.44394])
588_NUM
(42311, 1987, 0.0, [182.42316, 25.62172, 181.66905])
605_NUM
(30356, 1984, 0.0, [182.19048, 25.766094, 182.64655])
631_NUM
(42081, 1984, 0.0, [182.28168, 25.64022, 182.66754])
596_NUM
(49767, 1984, 0.0, [182.26685, 25.652487, 182.66374])
391_NUM
(31374, 1964, 0.0, [183.40494, 24.933517, 178.5355])
640_NUM
(16184, 1957, 0.0, [181.69852, 26.611917, 182.15096])
780_NUM
(27197, 1957, 0.0, [181.71095, 26.59247, 182.33537])
740_NUM
(27609, 1957, 0.0, [181.71317, 26.63003, 182.19244])
770_NUM
(28169, 1957, 0.0, [181.74017, 26.567533, 182.12325])
730_NUM
(28428, 1957, 0.0, [181.72284, 26.58197, 182.16226])
585_NUM
(34281, 1954, 0.0, [182.4589, 25.599234, 181.46336])
577_NUM
(41017, 1954, 0.0, [182.44601, 25.57772, 181.73601])
574_NUM
(41437, 1954, 0.0, [182.49727, 25.55914, 181.47324])
566_NUM
(44920, 1954, 0.0, [182.49762, 25.555676, 181.4573])
583_NUM
(45942, 1954, 0.0, [182.48488, 25.5683, 181.43922])
592_NUM
(46299, 1954, 0.0, [182.46756, 25.56, 181.6343])
404_NUM
(21460, 1940, 0.0, [183.05338, 25.242426, 178.3158])
415_NUM
(23738, 1940, 0.0, [183.03465, 25.276964, 178.13113])
411_NUM
(24193, 1940, 0.0, [183.04991, 25.256765, 178.21094])
441_NUM
(24507, 1940, 0.0, [183.00621, 25.280182, 178.37437])
407_NUM
(25054, 1940, 0.0, [183.01349, 25.29882, 178.2811])
338_NUM
(25593, 1940, 0.0, [183.07057, 25.2417, 178.14555])
384_NUM
(26497, 1940, 0.0, [183.0443, 25.256292, 178.25835])
347_NUM
(26549, 1940, 0.0, [183.05696, 25.25421, 178.22571])
386_NUM
(26666, 1940, 0.0, [183.03468, 25.25419, 178.21321])
371_NUM
(26708, 1940, 0.0, [183.03981, 25.26454, 178.24449])
359_NUM
(27340, 1940, 0.0, [183.06082, 25.25664, 178.15355])
378_NUM
(27342, 1940, 0.0, [183.03857, 25.26803, 178.2263])
362_NUM
(28060, 1940, 0.0, [183.0772, 25.23842, 178.16795])
409_NUM
(28680, 1940, 0.0, [183.04492, 25.26766, 178.25574])
376_NUM
(29004, 1940, 0.0, [183.0778, 25.238335, 178.1185])
399_NUM
(29375, 1940, 0.0, [183.04036, 25.2587, 178.32762])
426_NUM
(29714, 1940, 0.0, [183.01642, 25.28109, 178.25594])
373_NUM
(30073, 1940, 0.0, [183.03934, 25.267494, 178.30731])
392_NUM
(30582, 1940, 0.0, [183.09264, 25.21632, 178.3293])
382_NUM
(30959, 1940, 0.0, [183.09158, 25.22938, 178.10716])
396_NUM
(31214, 1940, 0.0, [183.03654, 25.261623, 178.34415])
379_NUM
(31264, 1940, 0.0, [183.06451, 25.24804, 178.25502])
389_NUM
(32511, 1940, 0.0, [183.0755, 25.238935, 178.15514])
393_NUM
(34268, 1940, 0.0, [183.08293, 25.222532, 178.38443])
520_NUM
(18357, 1939, 0.0, [182.30806, 26.03303, 179.2547])
604_NUM
(29359, 1933, 0.0, [181.90604, 26.13114, 183.06851])
401_NUM
(16993, 1932, 0.0, [183.11989, 25.190956, 178.17975])
412_NUM
(24702, 1932, 0.0, [183.20662, 25.11917, 178.1622])
429_NUM
(27876, 1932, 0.0, [183.117, 25.184267, 178.16911])
225_NUM
(11807, 1928, 0.0, [183.16373, 25.240486, 175.36821])
1485_NUM
(25563, 1924, 0.0, [177.98401, 45.57047, 200.97188])
1482_NUM
(33358, 1924, 0.0, [177.98717, 45.583626, 201.04474])
395_NUM
(20119, 1913, 0.0, [182.98837, 25.320213, 178.1592])
405_NUM
(20717, 1913, 0.0, [183.01257, 25.306055, 178.17937])
421_NUM
(25638, 1913, 0.0, [182.96298, 25.31655, 178.3464])
260_NUM
(11322, 1912, 0.0, [182.97491, 25.455496, 175.1434])
205_NUM
(13271, 1912, 0.0, [183.4376, 24.94879, 175.39912])
365_NUM
(14307, 1912, 0.0, [183.07863, 25.254114, 177.83733])
212_NUM
(14571, 1912, 0.0, [183.58328, 24.81143, 175.4227])
221_NUM
(15502, 1912, 0.0, [183.55716, 24.82112, 175.28897])
203_NUM
(15805, 1912, 0.0, [183.56331, 24.819515, 175.2997])
197_NUM
(16935, 1912, 0.0, [183.56894, 24.816883, 175.21432])
345_NUM
(23109, 1912, 0.0, [183.07895, 25.24917, 177.8663])
402_NUM
(24740, 1912, 0.0, [183.09541, 25.227144, 178.09547])
356_NUM
(24862, 1912, 0.0, [183.0884, 25.232056, 178.0139])
366_NUM
(26651, 1912, 0.0, [183.09384, 25.23327, 177.97365])
364_NUM
(27120, 1912, 0.0, [183.09013, 25.23449, 178.04684])
346_NUM
(28018, 1912, 0.0, [183.09341, 25.22997, 178.00804])
383_NUM
(28349, 1912, 0.0, [183.07895, 25.240047, 178.10176])
368_NUM
(28909, 1912, 0.0, [183.09477, 25.222643, 178.0715])
358_NUM
(28958, 1912, 0.0, [183.08672, 25.23217, 178.06256])
353_NUM
(29007, 1912, 0.0, [183.09239, 25.23149, 178.05635])
357_NUM
(29065, 1912, 0.0, [183.09015, 25.231354, 178.04799])
369_NUM
(31907, 1912, 0.0, [183.09276, 25.2252, 178.03745])
665_NUM
(39784, 1910, 0.0, [181.72684, 26.119415, 183.00096])
222_NUM
(15161, 1905, 0.0, [183.44197, 24.92603, 176.26353])
228_NUM
(18567, 1905, 0.0, [183.45993, 24.91162, 176.19662])
234_NUM
(18577, 1905, 0.0, [183.43616, 24.936607, 176.31502])
227_NUM
(18710, 1905, 0.0, [183.45511, 24.912045, 176.39978])
238_NUM
(19217, 1905, 0.0, [183.53049, 24.833143, 176.42679])
226_NUM
(19279, 1905, 0.0, [183.43878, 24.92984, 176.31554])
301_NUM
(14316, 1897, 0.0, [183.16849, 25.15451, 177.8517])
322_NUM
(18511, 1897, 0.0, [183.18323, 25.142763, 177.79268])
403_NUM
(23721, 1897, 0.0, [183.15613, 25.179956, 178.01353])
317_NUM
(23732, 1897, 0.0, [183.13855, 25.19254, 177.893])
343_NUM
(23861, 1897, 0.0, [183.10294, 25.216295, 178.02496])
351_NUM
(24655, 1897, 0.0, [183.131, 25.18722, 178.00201])
354_NUM
(25200, 1897, 0.0, [183.11012, 25.22565, 177.87567])
352_NUM
(25760, 1897, 0.0, [183.11295, 25.213415, 177.94476])
381_NUM
(26368, 1897, 0.0, [183.09888, 25.22592, 178.0722])
427_NUM
(26877, 1897, 0.0, [183.31549, 25.002144, 177.87431])
341_NUM
(26901, 1897, 0.0, [183.12047, 25.207108, 177.97273])
377_NUM
(26913, 1897, 0.0, [183.10062, 25.214146, 178.04115])
363_NUM
(27193, 1897, 0.0, [183.10785, 25.225794, 177.94812])
361_NUM
(27509, 1897, 0.0, [183.11424, 25.222767, 177.91225])
348_NUM
(27999, 1897, 0.0, [183.12465, 25.20974, 177.8234])
344_NUM
(28193, 1897, 0.0, [183.14209, 25.186356, 177.83382])
367_NUM
(28975, 1897, 0.0, [183.13936, 25.18393, 178.02843])
349_NUM
(29080, 1897, 0.0, [183.12973, 25.202187, 177.82198])
428_NUM
(31322, 1897, 0.0, [183.1464, 25.159304, 178.0945])
1600_NUM
(8272, 1896, 0.0, [177.83504, 43.44626, 198.95107])
209_NUM
(15980, 1887, 0.0, [183.52904, 24.84851, 175.80847])
216_NUM
(16533, 1887, 0.0, [183.50255, 24.87751, 175.9344])
213_NUM
(16906, 1887, 0.0, [183.53201, 24.844883, 175.83061])
231_NUM
(16996, 1887, 0.0, [183.4436, 24.93146, 176.05684])
219_NUM
(17156, 1887, 0.0, [183.55104, 24.824083, 175.82011])
217_NUM
(17177, 1887, 0.0, [183.52061, 24.85717, 175.81796])
223_NUM
(18287, 1887, 0.0, [183.46939, 24.90865, 176.04854])
262_NUM
(18698, 1887, 0.0, [183.45088, 24.926174, 176.10526])
210_NUM
(10643, 1886, 0.0, [183.1745, 25.22028, 175.58273])
215_NUM
(13985, 1886, 0.0, [183.40985, 24.974, 175.52385])
256_NUM
(13770, 1885, 0.0, [183.19263, 25.15365, 176.07382])
255_NUM
(17589, 1885, 0.0, [183.35371, 24.983824, 176.10461])
202_NUM
(12190, 1884, 0.0, [183.53598, 24.843004, 175.62744])
201_NUM
(13409, 1884, 0.0, [183.54918, 24.834917, 175.4522])
206_NUM
(14137, 1884, 0.0, [183.5337, 24.84606, 175.55057])
208_NUM
(15366, 1884, 0.0, [183.5258, 24.856007, 175.68094])
218_NUM
(15656, 1884, 0.0, [183.53487, 24.844444, 175.6729])
211_NUM
(15804, 1884, 0.0, [183.5287, 24.8513, 175.68864])
204_NUM
(16492, 1884, 0.0, [183.51321, 24.868567, 175.72588])
207_NUM
(16553, 1884, 0.0, [183.5223, 24.857767, 175.66852])
611_NUM
(30338, 1884, 0.0, [182.22014, 25.700504, 182.76643])
615_NUM
(32612, 1884, 0.0, [182.14874, 25.76449, 182.96533])
603_NUM
(33343, 1884, 0.0, [182.14507, 25.76585, 183.00781])
581_NUM
(33762, 1884, 0.0, [182.18721, 25.711815, 182.97081])
614_NUM
(34044, 1884, 0.0, [182.1592, 25.772074, 182.81851])
606_NUM
(35092, 1884, 0.0, [182.10669, 25.78865, 183.07092])
586_NUM
(37723, 1884, 0.0, [182.20699, 25.679552, 182.94707])
587_NUM
(39788, 1884, 0.0, [182.17445, 25.697563, 182.94261])
597_NUM
(41631, 1884, 0.0, [182.17972, 25.66827, 183.05257])
598_NUM
(43432, 1884, 0.0, [182.18904, 25.68481, 183.08543])
285_NUM
(19247, 1882, 0.0, [183.63919, 24.72383, 176.58525])
251_NUM
(20256, 1882, 0.0, [183.59254, 24.786156, 176.57806])
261_NUM
(21657, 1882, 0.0, [183.5399, 24.85277, 176.45247])
214_NUM
(16516, 1881, 0.0, [183.75438, 24.621065, 175.52264])
425_NUM
(19792, 1880, 0.0, [182.9401, 25.375416, 177.97467])
385_NUM
(23775, 1880, 0.0, [183.00241, 25.31733, 177.95995])
408_NUM
(27142, 1880, 0.0, [183.00044, 25.34803, 177.9699])
232_NUM
(18786, 1875, 0.0, [183.41708, 24.95067, 176.40741])
243_NUM
(20696, 1875, 0.0, [183.40347, 24.962685, 176.40831])
820_NUM
(27966, 1873, 0.0, [181.61334, 26.615355, 183.04366])
810_NUM
(30289, 1873, 0.0, [181.64702, 26.628016, 182.86887])
235_NUM
(16053, 1872, 0.0, [183.37523, 24.99707, 176.3289])
242_NUM
(18666, 1872, 0.0, [183.37933, 24.985798, 176.42728])
247_NUM
(19690, 1872, 0.0, [183.38135, 24.986313, 176.4244])
512_NUM
(19257, 1871, 0.0, [183.00072, 25.244043, 177.7321])
355_NUM
(22012, 1871, 0.0, [183.09093, 25.29979, 177.71948])
229_NUM
(20249, 1870, 0.0, [183.76335, 24.612396, 175.7458])
280_NUM
(11366, 1859, 0.0, [182.92604, 25.487116, 175.8274])
270_NUM
(11403, 1859, 0.0, [182.95224, 25.45366, 175.84903])
470_NUM
(18322, 1859, 0.0, [182.74132, 25.591124, 177.84361])
302_NUM
(18470, 1859, 0.0, [183.16052, 25.184486, 177.71994])
315_NUM
(19713, 1859, 0.0, [183.11531, 25.23346, 177.60251])
316_NUM
(19867, 1859, 0.0, [183.16272, 25.18689, 177.46571])
312_NUM
(20436, 1859, 0.0, [183.18477, 25.187138, 177.61427])
309_NUM
(20530, 1859, 0.0, [183.1912, 25.142715, 177.74461])
333_NUM
(20860, 1859, 0.0, [183.19617, 25.159649, 177.57094])
313_NUM
(21066, 1859, 0.0, [183.19861, 25.16164, 177.59967])
328_NUM
(21431, 1859, 0.0, [183.1883, 25.171965, 177.46288])
308_NUM
(21601, 1859, 0.0, [183.22841, 25.14362, 177.52208])
323_NUM
(21758, 1859, 0.0, [183.2298, 25.13465, 177.54292])
335_NUM
(22098, 1859, 0.0, [183.13573, 25.22359, 177.51282])
306_NUM
(22183, 1859, 0.0, [183.20993, 25.16244, 177.54146])
314_NUM
(22880, 1859, 0.0, [183.17271, 25.17465, 177.71341])
318_NUM
(23641, 1859, 0.0, [183.17886, 25.172464, 177.58438])
324_NUM
(24008, 1859, 0.0, [183.17418, 25.18406, 177.60625])
331_NUM
(24120, 1859, 0.0, [183.18497, 25.160225, 177.7276])
319_NUM
(24741, 1859, 0.0, [183.20377, 25.13221, 177.71135])
337_NUM
(24922, 1859, 0.0, [183.1956, 25.16439, 177.62358])
326_NUM
(25243, 1859, 0.0, [183.12025, 25.263235, 177.62892])
334_NUM
(25460, 1859, 0.0, [183.21814, 25.139772, 177.5776])
332_NUM
(25480, 1859, 0.0, [183.21796, 25.13762, 177.53612])
336_NUM
(25508, 1859, 0.0, [183.20284, 25.15458, 177.58607])
339_NUM
(25604, 1859, 0.0, [183.17986, 25.171288, 177.49261])
327_NUM
(26468, 1859, 0.0, [183.14928, 25.197065, 177.70547])
342_NUM
(27611, 1859, 0.0, [183.20213, 25.14272, 177.50984])
241_NUM
(19061, 1854, 0.0, [183.41138, 24.95693, 176.48148])
254_NUM
(20014, 1854, 0.0, [183.40022, 24.96662, 176.54665])
321_NUM
(20745, 1851, 0.0, [183.36557, 24.961493, 177.65962])
224_NUM
(17170, 1849, 0.0, [183.38278, 24.986355, 176.54459])
265_NUM
(17309, 1849, 0.0, [183.3414, 25.026148, 176.58676])
245_NUM
(18552, 1849, 0.0, [183.35211, 25.014847, 176.7474])
252_NUM
(19748, 1849, 0.0, [183.39163, 24.97248, 176.53746])
233_NUM
(20282, 1849, 0.0, [183.39148, 24.971054, 176.62346])
253_NUM
(20382, 1849, 0.0, [183.3768, 24.98345, 176.54251])
246_NUM
(20434, 1849, 0.0, [183.38876, 24.979994, 176.49725])
237_NUM
(20662, 1849, 0.0, [183.39857, 24.969112, 176.50461])
236_NUM
(20998, 1849, 0.0, [183.37827, 24.985764, 176.63072])
248_NUM
(21086, 1849, 0.0, [183.35805, 25.006197, 176.6435])
249_NUM
(21226, 1849, 0.0, [183.36687, 24.999105, 176.65826])
239_NUM
(21585, 1849, 0.0, [183.37952, 24.9798, 176.76158])
274_NUM
(21782, 1849, 0.0, [183.32689, 25.03594, 176.77156])
263_NUM
(21986, 1849, 0.0, [183.38336, 24.984158, 176.67198])
257_NUM
(22053, 1849, 0.0, [183.38818, 24.973633, 176.59103])
430_NUM
(17807, 1837, 0.0, [182.68137, 25.667837, 177.9779])
305_NUM
(17055, 1834, 0.0, [183.19577, 25.16558, 177.41197])
303_NUM
(18973, 1834, 0.0, [183.21953, 25.14709, 177.42686])
311_NUM
(19077, 1834, 0.0, [183.20967, 25.139454, 177.29082])
304_NUM
(21191, 1834, 0.0, [183.2214, 25.15088, 177.30402])
286_NUM
(22079, 1834, 0.0, [183.2398, 25.11116, 177.2608])
273_NUM
(22636, 1834, 0.0, [183.27983, 25.103033, 177.2307])
307_NUM
(22808, 1834, 0.0, [183.24901, 25.11547, 177.36224])
283_NUM
(22914, 1834, 0.0, [183.27174, 25.08906, 177.16466])
268_NUM
(23079, 1834, 0.0, [183.2174, 25.134575, 177.41263])
282_NUM
(23598, 1834, 0.0, [183.2638, 25.1064, 177.12979])
289_NUM
(24419, 1834, 0.0, [183.25494, 25.103176, 177.22156])
284_NUM
(24444, 1834, 0.0, [183.27751, 25.088337, 177.1758])
298_NUM
(25057, 1834, 0.0, [183.26389, 25.10201, 177.23132])
296_NUM
(25612, 1834, 0.0, [183.25313, 25.103357, 177.25537])
297_NUM
(26639, 1834, 0.0, [183.2627, 25.099276, 177.20567])
264_NUM
(18583, 1831, 0.0, [183.32423, 25.041174, 176.849])
287_NUM
(20171, 1831, 0.0, [183.29985, 25.06299, 176.88295])
295_NUM
(20482, 1831, 0.0, [183.3111, 25.06873, 176.82603])
244_NUM
(20964, 1831, 0.0, [183.31346, 25.04931, 176.94426])
258_NUM
(21104, 1831, 0.0, [183.32751, 25.040504, 176.80449])
281_NUM
(21190, 1831, 0.0, [183.2911, 25.069, 176.98116])
272_NUM
(21726, 1831, 0.0, [183.28867, 25.076754, 177.02039])
271_NUM
(21816, 1831, 0.0, [183.28056, 25.084408, 177.03314])
299_NUM
(22618, 1831, 0.0, [183.33713, 25.023615, 176.77448])
277_NUM
(22807, 1831, 0.0, [183.2753, 25.080025, 177.08759])
276_NUM
(22821, 1831, 0.0, [183.29199, 25.07331, 177.04144])
278_NUM
(22839, 1831, 0.0, [183.29799, 25.0642, 176.9526])
267_NUM
(22907, 1831, 0.0, [183.31241, 25.05004, 176.9117])
259_NUM
(22982, 1831, 0.0, [183.34232, 25.022957, 176.78552])
269_NUM
(23035, 1831, 0.0, [183.29688, 25.054268, 177.07205])
266_NUM
(23130, 1831, 0.0, [183.31282, 25.047934, 176.90506])
279_NUM
(23852, 1831, 0.0, [183.28825, 25.07711, 177.06561])
291_NUM
(24451, 1831, 0.0, [183.27347, 25.087044, 177.06113])
293_NUM
(24538, 1831, 0.0, [183.28326, 25.076935, 177.0882])
292_NUM
(24610, 1831, 0.0, [183.3116, 25.04401, 176.98413])
329_NUM
(26190, 1831, 0.0, [183.30676, 25.05708, 176.96971])
294_NUM
(26501, 1831, 0.0, [183.2875, 25.07709, 177.04877])
288_NUM
(32821, 1831, 0.0, [183.28624, 25.069534, 177.08746])
288_PROPN
(53475, 1831, 0.0, [183.29837, 25.0607, 177.02353])
440_NUM
(15145, 1829, 0.0, [182.80452, 25.55202, 177.46931])
410_NUM
(17145, 1829, 0.0, [182.80183, 25.550898, 177.67068])
375_NUM
(18950, 1829, 0.0, [182.8546, 25.491116, 177.56654])
390_NUM
(19450, 1829, 0.0, [182.87177, 25.47455, 177.69383])
275_NUM
(14386, 1821, 0.0, [183.00188, 25.39474, 176.15205])
370_NUM
(15384, 1821, 0.0, [182.88779, 25.535753, 176.20126])
320_NUM
(11899, 1819, 0.0, [182.78806, 25.653936, 175.81525])
675_NUM
(33726, 1817, 0.0, [181.96555, 25.988895, 183.12675])
580_NUM
(22262, 1808, 0.0, [181.48026, 26.87989, 182.03745])
460_NUM
(18229, 1795, 0.0, [182.73224, 25.636904, 177.49422])
460_PROPN
(257358, 1795, 0.0, [182.69, 25.673315, 177.67432])
420_NUM
(14686, 1792, 0.0, [182.81287, 25.54881, 177.33258])
310_NUM
(16194, 1792, 0.0, [183.04967, 25.30444, 177.34703])
325_NUM
(16337, 1792, 0.0, [182.96837, 25.39172, 177.30429])
1484_NUM
(35116, 1783, 0.0, [177.98465, 45.793793, 200.7784])
1486_NUM
(36994, 1783, 0.0, [177.98152, 45.690487, 200.88458])
1489_NUM
(38513, 1783, 0.0, [177.96289, 45.70625, 200.7658])
1491_NUM
(39143, 1783, 0.0, [177.96675, 45.6741, 200.8376])
601_NUM
(25486, 1780, 0.0, [182.0872, 25.77861, 183.38905])
880_NUM
(24657, 1776, 0.0, [181.64014, 26.690886, 182.55878])
860_NUM
(30718, 1776, 0.0, [181.57867, 26.77604, 182.73003])
790_NUM
(32161, 1776, 0.0, [181.6527, 26.65729, 182.59132])
602_NUM
(31365, 1772, 0.0, [182.10234, 25.769503, 183.30742])
612_NUM
(33347, 1772, 0.0, [182.13483, 25.75079, 183.19379])
628_NUM
(33575, 1772, 0.0, [182.1724, 25.6817, 183.4145])
613_NUM
(33955, 1772, 0.0, [182.14006, 25.74523, 183.13431])
635_NUM
(34972, 1772, 0.0, [182.1035, 25.773794, 183.33324])
617_NUM
(35425, 1772, 0.0, [182.12773, 25.733473, 183.32066])
622_NUM
(36758, 1772, 0.0, [182.13792, 25.71444, 183.41399])
627_NUM
(36806, 1772, 0.0, [182.15038, 25.69518, 183.4286])
609_NUM
(37901, 1772, 0.0, [182.14554, 25.740265, 183.14485])
624_NUM
(38544, 1772, 0.0, [182.17975, 25.68206, 183.37636])
619_NUM
(39715, 1772, 0.0, [182.13818, 25.71918, 183.37502])
648_NUM
(39731, 1772, 0.0, [182.14801, 25.714457, 183.23878])
629_NUM
(40120, 1772, 0.0, [182.12193, 25.728376, 183.40497])
621_NUM
(40202, 1772, 0.0, [182.16002, 25.70925, 183.2015])
638_NUM
(40455, 1772, 0.0, [182.18796, 25.671629, 183.3208])
667_NUM
(41344, 1772, 0.0, [182.14421, 25.723192, 183.27141])
623_NUM
(41567, 1772, 0.0, [182.14653, 25.706795, 183.36044])
643_NUM
(41657, 1772, 0.0, [182.17665, 25.664274, 183.42326])
663_NUM
(43763, 1772, 0.0, [182.13197, 25.706694, 183.41064])
694_NUM
(49528, 1772, 0.0, [182.13776, 25.708305, 183.28528])
711_NUM
(32420, 1767, 0.0, [181.97975, 25.79327, 184.11662])
715_NUM
(36764, 1767, 0.0, [181.97293, 25.778196, 184.2517])
725_NUM
(37645, 1767, 0.0, [181.90822, 25.84115, 184.24362])
765_NUM
(38242, 1767, 0.0, [181.91476, 25.793316, 184.38577])
714_NUM
(38854, 1767, 0.0, [181.97351, 25.778254, 184.19466])
722_NUM
(38962, 1767, 0.0, [181.97917, 25.77613, 184.15494])
731_NUM
(39141, 1767, 0.0, [181.93549, 25.791065, 184.3518])
717_NUM
(40241, 1767, 0.0, [182.02444, 25.683863, 184.26482])
718_NUM
(40819, 1767, 0.0, [181.95227, 25.7972, 184.29308])
742_NUM
(43622, 1767, 0.0, [181.9446, 25.789326, 184.36325])
724_NUM
(43867, 1767, 0.0, [181.96967, 25.78296, 184.27676])
751_NUM
(43891, 1767, 0.0, [181.9206, 25.80202, 184.38747])
716_NUM
(43898, 1767, 0.0, [181.96498, 25.768965, 184.23355])
721_NUM
(44177, 1767, 0.0, [181.90791, 25.81995, 184.40129])
748_NUM
(44192, 1767, 0.0, [182.01591, 25.66568, 184.37369])
743_NUM
(45418, 1767, 0.0, [181.9627, 25.779455, 184.25356])
744_NUM
(46066, 1767, 0.0, [181.93423, 25.79055, 184.35999])
726_NUM
(46363, 1767, 0.0, [181.95685, 25.787533, 184.23393])
752_NUM
(47419, 1767, 0.0, [181.91133, 25.818594, 184.37968])
736_NUM
(47443, 1767, 0.0, [181.93823, 25.78527, 184.32544])
734_NUM
(48311, 1767, 0.0, [181.95139, 25.790308, 184.27599])
719_NUM
(48696, 1767, 0.0, [181.9651, 25.78656, 184.22418])
733_NUM
(49406, 1767, 0.0, [181.94107, 25.78976, 184.31334])
738_NUM
(49536, 1767, 0.0, [181.97095, 25.778725, 184.28426])
729_NUM
(49602, 1767, 0.0, [181.9546, 25.790464, 184.24678])
753_NUM
(50401, 1767, 0.0, [181.8954, 25.86017, 184.29248])
723_NUM
(50813, 1767, 0.0, [181.97253, 25.77822, 184.23666])
801_NUM
(32623, 1765, 0.0, [181.95967, 25.81518, 184.05518])
712_NUM
(39509, 1765, 0.0, [182.01157, 25.769436, 183.97757])
685_NUM
(39831, 1765, 0.0, [182.08537, 25.713537, 183.79083])
695_NUM
(39981, 1765, 0.0, [182.01668, 25.757963, 184.04266])
706_NUM
(40966, 1765, 0.0, [182.01076, 25.76721, 184.08313])
709_NUM
(41493, 1765, 0.0, [182.03021, 25.738747, 183.99562])
713_NUM
(42089, 1765, 0.0, [182.0053, 25.783327, 183.9455])
735_NUM
(42523, 1765, 0.0, [181.9467, 25.855587, 183.94444])
653_NUM
(43439, 1765, 0.0, [182.07793, 25.724747, 183.76888])
658_NUM
(44455, 1765, 0.0, [182.00623, 25.75789, 183.82408])
708_NUM
(45265, 1765, 0.0, [181.99614, 25.784065, 184.03072])
703_NUM
(45709, 1765, 0.0, [182.02356, 25.783413, 183.85342])
776_NUM
(47413, 1765, 0.0, [182.03104, 25.742943, 184.04074])
698_NUM
(47681, 1765, 0.0, [182.05348, 25.738222, 183.79973])
697_NUM
(50561, 1765, 0.0, [181.99237, 25.76631, 184.0624])
330_NUM
(12616, 1762, 0.0, [182.9286, 25.444815, 176.97925])
340_NUM
(14040, 1762, 0.0, [182.89899, 25.47362, 177.03908])
290_NUM
(15461, 1762, 0.0, [183.01634, 25.35743, 176.8168])
840_NUM
(27957, 1758, 0.0, [181.6194, 26.67924, 182.79083])
380_NUM
(15318, 1754, 0.0, [182.59448, 25.79026, 177.39346])
808_NUM
(34353, 1750, 0.0, [181.66647, 25.962475, 185.08237])
802_NUM
(37847, 1750, 0.0, [181.68234, 25.905674, 185.0719])
813_NUM
(42443, 1750, 0.0, [181.76404, 25.88626, 184.93651])
812_NUM
(42722, 1750, 0.0, [181.75592, 25.87984, 185.02638])
829_NUM
(48822, 1750, 0.0, [181.76196, 25.8798, 185.09242])
732_NUM
(40166, 1748, 0.0, [182.14076, 25.683525, 184.04306])
771_NUM
(48465, 1742, 0.0, [181.85283, 26.13038, 184.22983])
912_NUM
(35569, 1741, 0.0, [181.09831, 26.32123, 187.18323])
955_NUM
(43772, 1741, 0.0, [180.94968, 26.529123, 187.30432])
728_NUM
(47832, 1738, 0.0, [182.19673, 25.672743, 184.09892])
825_NUM
(34871, 1737, 0.0, [181.91917, 25.83837, 184.63539])
775_NUM
(36144, 1737, 0.0, [181.81209, 25.84996, 184.75238])
768_NUM
(39533, 1737, 0.0, [181.82295, 25.864422, 184.63116])
754_NUM
(39862, 1737, 0.0, [181.91614, 25.79592, 184.49084])
741_NUM
(41695, 1737, 0.0, [181.8891, 25.814545, 184.56992])
785_NUM
(42046, 1737, 0.0, [181.84874, 25.81033, 184.70001])
762_NUM
(42928, 1737, 0.0, [181.88348, 25.80983, 184.53035])
755_NUM
(43062, 1737, 0.0, [181.86308, 25.82018, 184.62886])
772_NUM
(43736, 1737, 0.0, [181.86998, 25.82252, 184.70148])
756_NUM
(43757, 1737, 0.0, [181.89041, 25.81704, 184.5146])
745_NUM
(43964, 1737, 0.0, [181.91273, 25.801275, 184.55208])
781_NUM
(44690, 1737, 0.0, [181.84721, 25.83058, 184.67975])
794_NUM
(44933, 1737, 0.0, [181.9899, 25.74356, 184.54018])
778_NUM
(45632, 1737, 0.0, [181.87747, 25.80643, 184.70692])
804_NUM
(46324, 1737, 0.0, [181.86159, 25.822536, 184.72679])
789_NUM
(47949, 1737, 0.0, [181.90295, 25.803272, 184.51366])
795_NUM
(48272, 1737, 0.0, [181.85086, 25.82202, 184.73495])
797_NUM
(49098, 1737, 0.0, [181.9396, 25.752676, 184.64975])
796_NUM
(49177, 1737, 0.0, [181.86372, 25.82066, 184.63269])
761_NUM
(49484, 1737, 0.0, [181.86948, 25.819675, 184.66812])
763_NUM
(49617, 1737, 0.0, [181.88448, 25.80817, 184.58202])
749_NUM
(49987, 1737, 0.0, [181.90598, 25.78488, 184.55891])
746_NUM
(50153, 1737, 0.0, [181.92703, 25.76662, 184.51338])
739_NUM
(50428, 1737, 0.0, [181.91655, 25.805037, 184.43146])
782_NUM
(50845, 1737, 0.0, [181.8548, 25.820295, 184.72821])
792_NUM
(50995, 1737, 0.0, [181.87051, 25.821735, 184.66998])
793_NUM
(51851, 1737, 0.0, [181.86723, 25.82063, 184.68158])
758_NUM
(52320, 1737, 0.0, [181.91469, 25.790245, 184.51224])
798_NUM
(52381, 1737, 0.0, [181.8675, 25.805466, 184.6822])
788_NUM
(52384, 1737, 0.0, [181.86015, 25.834143, 184.65369])
766_NUM
(52585, 1737, 0.0, [181.86418, 25.813778, 184.6913])
784_NUM
(52877, 1737, 0.0, [181.87967, 25.808075, 184.68417])
773_NUM
(52993, 1737, 0.0, [181.90054, 25.80916, 184.49857])
764_NUM
(53241, 1737, 0.0, [181.88676, 25.811445, 184.60162])
799_NUM
(55233, 1737, 0.0, [181.86449, 25.82509, 184.67459])
779_NUM
(55591, 1737, 0.0, [181.87706, 25.81048, 184.6947])
791_NUM
(55675, 1737, 0.0, [181.86913, 25.82144, 184.66544])
769_NUM
(55764, 1737, 0.0, [181.88374, 25.814035, 184.60777])
686_NUM
(45587, 1733, 0.0, [182.04173, 25.61292, 183.81743])
815_NUM
(37405, 1728, 0.0, [181.80524, 25.87344, 184.84961])
814_NUM
(39431, 1728, 0.0, [181.805, 25.844725, 184.95])
805_NUM
(40000, 1728, 0.0, [181.7895, 25.893139, 184.88531])
845_NUM
(41465, 1728, 0.0, [181.8012, 25.8599, 185.05452])
803_NUM
(42638, 1728, 0.0, [181.7781, 25.867455, 185.00317])
774_NUM
(43449, 1728, 0.0, [181.8113, 25.86988, 184.82628])
809_NUM
(43658, 1728, 0.0, [181.79659, 25.862267, 184.94193])
817_NUM
(44643, 1728, 0.0, [181.78792, 25.86327, 184.97041])
819_NUM
(45471, 1728, 0.0, [181.82106, 25.849236, 184.9811])
786_NUM
(45530, 1728, 0.0, [181.79495, 25.842745, 184.85686])
822_NUM
(45543, 1728, 0.0, [181.82076, 25.84127, 184.89828])
821_NUM
(46287, 1728, 0.0, [181.79901, 25.853107, 184.91016])
816_NUM
(47446, 1728, 0.0, [181.9029, 25.78456, 184.79704])
991_NUM
(48353, 1728, 0.0, [181.22566, 26.239225, 187.11185])
818_NUM
(48556, 1728, 0.0, [181.77985, 25.871237, 185.07085])
823_NUM
(48663, 1728, 0.0, [181.84105, 25.83664, 184.83217])
832_NUM
(49245, 1728, 0.0, [181.80316, 25.858543, 184.96106])
828_NUM
(49813, 1728, 0.0, [181.7683, 25.898245, 185.01393])
759_NUM
(49888, 1728, 0.0, [181.84901, 25.831825, 184.7682])
807_NUM
(50045, 1728, 0.0, [181.84274, 25.83626, 184.84132])
837_NUM
(50482, 1728, 0.0, [181.7837, 25.87475, 185.03497])
783_NUM
(54035, 1728, 0.0, [181.84293, 25.83381, 184.76273])
701_NUM
(29494, 1720, 0.0, [182.06801, 25.756285, 183.71077])
705_NUM
(31777, 1720, 0.0, [182.09653, 25.706276, 183.74129])
702_NUM
(34822, 1720, 0.0, [181.96222, 25.91027, 183.67633])
646_NUM
(39885, 1720, 0.0, [182.08897, 25.729025, 183.62038])
664_NUM
(39939, 1720, 0.0, [182.07498, 25.736744, 183.71806])
681_NUM
(41896, 1720, 0.0, [182.0979, 25.703403, 183.57439])
649_NUM
(44052, 1720, 0.0, [182.09735, 25.71306, 183.60437])
673_NUM
(45919, 1720, 0.0, [182.09341, 25.70775, 183.60835])
679_NUM
(46371, 1720, 0.0, [182.08249, 25.739763, 183.548])
683_NUM
(46496, 1720, 0.0, [182.08247, 25.72512, 183.69597])
688_NUM
(46788, 1720, 0.0, [182.08298, 25.72192, 183.65422])
693_NUM
(48071, 1720, 0.0, [182.06877, 25.727385, 183.71259])
696_NUM
(48724, 1720, 0.0, [182.07893, 25.741016, 183.60086])
689_NUM
(50333, 1720, 0.0, [182.08644, 25.74236, 183.54112])
699_NUM
(50563, 1720, 0.0, [182.07133, 25.74642, 183.61003])
671_NUM
(50676, 1720, 0.0, [182.0883, 25.73306, 183.54816])
691_NUM
(52237, 1720, 0.0, [182.00226, 25.82933, 183.6382])
787_NUM
(28260, 1717, 0.0, [182.26248, 25.33955, 184.3103])
757_NUM
(32478, 1717, 0.0, [182.13795, 25.441784, 184.42317])
618_NUM
(32196, 1715, 0.0, [182.31906, 25.413765, 183.81996])
676_NUM
(43768, 1715, 0.0, [182.30804, 25.37584, 183.96088])
666_NUM
(25290, 1710, 0.0, [182.15073, 25.711596, 183.44167])
632_NUM
(31423, 1710, 0.0, [182.18852, 25.65692, 183.44339])
616_NUM
(32699, 1710, 0.0, [182.10555, 25.71034, 183.55867])
626_NUM
(34129, 1710, 0.0, [182.12596, 25.721952, 183.4306])
645_NUM
(34468, 1710, 0.0, [182.15817, 25.680792, 183.52634])
651_NUM
(37897, 1710, 0.0, [182.10982, 25.70156, 183.58875])
655_NUM
(38292, 1710, 0.0, [182.12135, 25.69179, 183.53003])
656_NUM
(39185, 1710, 0.0, [182.10873, 25.70823, 183.56139])
668_NUM
(40978, 1710, 0.0, [182.13577, 25.689775, 183.5004])
639_NUM
(41355, 1710, 0.0, [182.11336, 25.7125, 183.5565])
652_NUM
(42417, 1710, 0.0, [182.11708, 25.707113, 183.5865])
654_NUM
(42760, 1710, 0.0, [182.12381, 25.70205, 183.51234])
672_NUM
(43630, 1710, 0.0, [182.10829, 25.71617, 183.50607])
662_NUM
(43853, 1710, 0.0, [182.1001, 25.716036, 183.60828])
669_NUM
(44199, 1710, 0.0, [182.10963, 25.713245, 183.51892])
657_NUM
(44628, 1710, 0.0, [182.10141, 25.723703, 183.53893])
692_NUM
(44703, 1710, 0.0, [182.13173, 25.692055, 183.47466])
687_NUM
(44893, 1710, 0.0, [182.1107, 25.698574, 183.53831])
682_NUM
(45853, 1710, 0.0, [182.1152, 25.720575, 183.4478])
647_NUM
(46399, 1710, 0.0, [182.1039, 25.72235, 183.53024])
659_NUM
(47485, 1710, 0.0, [182.13136, 25.68891, 183.4965])
674_NUM
(48104, 1710, 0.0, [182.11157, 25.707743, 183.52504])
677_NUM
(48750, 1710, 0.0, [182.11658, 25.716064, 183.43846])
895_NUM
(41326, 1709, 0.0, [181.42094, 26.10683, 186.37213])
888_NUM
(38307, 1705, 0.0, [181.55853, 25.986654, 186.12315])
885_NUM
(43415, 1705, 0.0, [181.52625, 26.03014, 186.09784])
882_NUM
(43707, 1705, 0.0, [181.51137, 26.03708, 186.16446])
878_NUM
(45141, 1705, 0.0, [181.5246, 26.0233, 186.13445])
886_NUM
(45296, 1705, 0.0, [181.49762, 26.04211, 186.22606])
899_NUM
(45459, 1705, 0.0, [181.51888, 26.01737, 186.2181])
893_NUM
(47078, 1705, 0.0, [181.48285, 26.05054, 186.27534])
884_NUM
(47729, 1705, 0.0, [181.52838, 26.01686, 186.14426])
881_NUM
(48313, 1705, 0.0, [181.50722, 26.026676, 186.24977])
887_NUM
(51081, 1705, 0.0, [181.55043, 25.996235, 186.118])
891_NUM
(51376, 1705, 0.0, [181.50325, 26.036804, 186.20335])
894_NUM
(52134, 1705, 0.0, [181.4769, 26.05495, 186.28864])
897_NUM
(54150, 1705, 0.0, [181.46306, 26.06496, 186.3374])
898_NUM
(58399, 1705, 0.0, [181.47052, 26.05904, 186.3115])
641_NUM
(34582, 1700, 0.0, [182.23216, 25.61545, 183.3807])
661_NUM
(38070, 1700, 0.0, [182.3691, 25.595486, 183.18729])
634_NUM
(38469, 1700, 0.0, [182.2114, 25.63354, 183.42601])
637_NUM
(42802, 1700, 0.0, [182.26137, 25.584223, 183.39558])
678_NUM
(44123, 1700, 0.0, [182.26309, 25.58303, 183.1793])
911_NUM
(15262, 1688, 0.0, [181.24998, 26.257036, 186.88892])
997_NUM
(34733, 1688, 0.0, [181.24777, 26.249935, 186.89265])
924_NUM
(36684, 1688, 0.0, [181.22862, 26.254375, 186.82225])
914_NUM
(37529, 1688, 0.0, [181.27008, 26.217176, 186.7907])
935_NUM
(38060, 1688, 0.0, [181.2578, 26.234158, 186.84409])
975_NUM
(40071, 1688, 0.0, [181.27791, 26.22236, 186.82422])
965_NUM
(40546, 1688, 0.0, [181.22969, 26.2602, 186.92201])
944_NUM
(40633, 1688, 0.0, [181.26083, 26.230375, 186.8335])
936_NUM
(40649, 1688, 0.0, [181.31203, 26.17982, 186.76271])
917_NUM
(40763, 1688, 0.0, [181.27397, 26.21008, 186.8124])
996_NUM
(41274, 1688, 0.0, [181.24069, 26.25669, 186.8879])
908_NUM
(41432, 1688, 0.0, [181.2703, 26.22235, 186.80547])
985_NOUN
(41462, 1688, 0.0, [181.22139, 26.282118, 186.93536])
945_NUM
(41716, 1688, 0.0, [181.26424, 26.219074, 186.90659])
956_NUM
(41906, 1688, 0.0, [181.25737, 26.23502, 186.8605])
969_NUM
(42781, 1688, 0.0, [181.26143, 26.23399, 186.84229])
976_NUM
(43160, 1688, 0.0, [181.27464, 26.23038, 186.83444])
962_NUM
(44370, 1688, 0.0, [181.2526, 26.24062, 186.86249])
928_NUM
(44773, 1688, 0.0, [181.25574, 26.233847, 186.84999])
919_NUM
(45033, 1688, 0.0, [181.24721, 26.2402, 186.86003])
961_NUM
(45560, 1688, 0.0, [181.25201, 26.244404, 186.8669])
995_NUM
(45840, 1688, 0.0, [181.2505, 26.287806, 186.89314])
959_NUM
(46179, 1688, 0.0, [181.26749, 26.225416, 186.8371])
934_NUM
(46482, 1688, 0.0, [181.2555, 26.23362, 186.85327])
992_NUM
(46613, 1688, 0.0, [181.26062, 26.244356, 186.85347])
968_NUM
(47013, 1688, 0.0, [181.26918, 26.232536, 186.83885])
966_NUM
(47307, 1688, 0.0, [181.25957, 26.24027, 186.85052])
987_NUM
(47524, 1688, 0.0, [181.25151, 26.250418, 186.87924])
916_NUM
(47910, 1688, 0.0, [181.28024, 26.1886, 186.84775])
922_NUM
(48077, 1688, 0.0, [181.2606, 26.237057, 186.83202])
939_NUM
(48153, 1688, 0.0, [181.27939, 26.209467, 186.78925])
981_NUM
(48472, 1688, 0.0, [181.24802, 26.25533, 186.87])
948_NUM
(48996, 1688, 0.0, [181.25337, 26.22899, 186.88704])
963_NUM
(49088, 1688, 0.0, [181.25171, 26.24692, 186.86365])
954_NUM
(49107, 1688, 0.0, [181.29843, 26.20866, 186.77084])
993_NUM
(49392, 1688, 0.0, [181.25113, 26.24767, 186.87152])
941_NUM
(49394, 1688, 0.0, [181.29578, 26.19512, 186.78893])
998_NUM
(49616, 1688, 0.0, [181.2464, 26.253464, 186.9392])
946_NUM
(49839, 1688, 0.0, [181.29175, 26.208794, 186.78325])
978_NUM
(49897, 1688, 0.0, [181.2826, 26.219847, 186.80573])
971_NUM
(49947, 1688, 0.0, [181.26474, 26.239937, 186.85466])
931_NUM
(50037, 1688, 0.0, [181.2943, 26.195433, 186.76772])
972_NUM
(50176, 1688, 0.0, [181.23686, 26.270235, 186.89738])
943_NUM
(50387, 1688, 0.0, [181.2828, 26.210526, 186.78276])
983_NUM
(50559, 1688, 0.0, [181.25899, 26.243174, 186.86827])
988_NUM
(51087, 1688, 0.0, [181.27196, 26.229555, 186.82742])
942_NUM
(51091, 1688, 0.0, [181.23816, 26.220444, 187.07452])
964_NUM
(51347, 1688, 0.0, [181.257, 26.24053, 186.84517])
986_NUM
(52067, 1688, 0.0, [181.25241, 26.250227, 186.86319])
982_NUM
(52122, 1688, 0.0, [181.26389, 26.23858, 186.83568])
984_NUM
(53120, 1688, 0.0, [181.26399, 26.240328, 186.85117])
967_NUM
(53177, 1688, 0.0, [181.28806, 26.21554, 186.8015])
994_NUM
(53868, 1688, 0.0, [181.2677, 26.237324, 186.84097])
958_NUM
(55532, 1688, 0.0, [181.29703, 26.203169, 186.78752])
977_NUM
(55844, 1688, 0.0, [181.28136, 26.224443, 186.80615])
953_NUM
(56008, 1688, 0.0, [181.28311, 26.21833, 186.8008])
974_NUM
(56222, 1688, 0.0, [181.26276, 26.244457, 186.8473])
979_NUM
(58230, 1688, 0.0, [181.28337, 26.21655, 186.8105])
949_NUM
(58289, 1688, 0.0, [181.28355, 26.211912, 186.81726])
957_NUM
(58834, 1688, 0.0, [181.2966, 26.20327, 186.7692])
830_NUM
(29547, 1685, 0.0, [181.48184, 26.827448, 183.14107])
890_NUM
(35240, 1685, 0.0, [181.47336, 26.90116, 183.26416])
737_NUM
(21319, 1682, 0.0, [182.11305, 25.446217, 184.56943])
747_NUM
(22126, 1682, 0.0, [182.13033, 25.4393, 184.4455])
707_NUM
(26452, 1682, 0.0, [182.1441, 25.42051, 184.43994])
727_NUM
(31834, 1682, 0.0, [182.11777, 25.45443, 184.46501])
767_NUM
(33971, 1682, 0.0, [182.13289, 25.438726, 184.45912])
2707_NUM
(281534, 1682, 0.0, [182.11366, 25.44035, 184.45035])
907_NUM
(32718, 1676, 0.0, [181.35254, 26.150476, 186.61676])
925_NUM
(36470, 1676, 0.0, [181.32701, 26.192196, 186.60777])
901_NUM
(37163, 1676, 0.0, [181.38437, 26.129234, 186.4326])
918_NUM
(37401, 1676, 0.0, [181.31998, 26.17694, 186.70085])
902_NUM
(37539, 1676, 0.0, [181.33507, 26.15273, 186.65367])
905_NUM
(38609, 1676, 0.0, [181.40582, 26.10592, 186.51102])
915_NUM
(39735, 1676, 0.0, [181.28133, 26.2341, 186.73247])
903_NUM
(40218, 1676, 0.0, [181.3666, 26.13692, 186.55032])
904_NUM
(41508, 1676, 0.0, [181.3439, 26.15804, 186.60585])
909_NUM
(41858, 1676, 0.0, [181.3559, 26.15024, 186.48993])
879_NUM
(43018, 1676, 0.0, [181.25847, 26.201666, 186.71165])
927_NUM
(43276, 1676, 0.0, [181.3751, 26.132057, 186.58084])
913_NUM
(43703, 1676, 0.0, [181.32602, 26.173784, 186.68503])
876_NUM
(45412, 1676, 0.0, [181.34918, 26.145866, 186.6553])
892_NUM
(45746, 1676, 0.0, [181.26553, 26.247684, 186.50772])
937_NUM
(45865, 1676, 0.0, [181.34451, 26.15259, 186.6836])
926_NUM
(46724, 1676, 0.0, [181.37277, 26.13679, 186.56392])
921_NUM
(47498, 1676, 0.0, [181.30315, 26.194145, 186.73006])
951_NUM
(48489, 1676, 0.0, [181.35303, 26.147177, 186.68732])
923_NUM
(48614, 1676, 0.0, [181.32817, 26.17024, 186.70482])
932_NUM
(48836, 1676, 0.0, [181.32079, 26.177767, 186.69135])
933_NUM
(48988, 1676, 0.0, [181.30516, 26.194637, 186.73224])
906_NUM
(50378, 1676, 0.0, [181.38164, 26.119898, 186.57912])
989_NUM
(52995, 1676, 0.0, [181.29411, 26.21136, 186.74104])
889_NUM
(53445, 1676, 0.0, [181.41306, 26.075766, 186.56151])
952_NUM
(55005, 1676, 0.0, [181.35643, 26.146734, 186.67511])
938_NUM
(57707, 1676, 0.0, [181.31703, 26.182262, 186.72948])
842_NUM
(40414, 1673, 0.0, [181.73691, 25.890688, 185.21222])
843_NUM
(42421, 1673, 0.0, [181.71715, 25.90579, 185.35681])
835_NUM
(44338, 1673, 0.0, [181.73003, 25.88636, 185.33647])
841_NUM
(45076, 1673, 0.0, [181.7181, 25.90014, 185.38472])
853_NUM
(45769, 1673, 0.0, [181.74664, 25.885393, 185.2737])
856_NUM
(45948, 1673, 0.0, [181.71246, 25.90253, 185.41896])
844_NUM
(46416, 1673, 0.0, [181.73018, 25.894735, 185.34918])
836_NUM
(48295, 1673, 0.0, [181.7386, 25.895346, 185.2668])
849_NUM
(48304, 1673, 0.0, [181.76074, 25.866274, 185.28659])
838_NUM
(49744, 1673, 0.0, [181.71729, 25.90479, 185.33638])
839_NUM
(51264, 1673, 0.0, [181.73494, 25.899227, 185.24866])
859_NUM
(53011, 1673, 0.0, [181.73447, 25.8898, 185.33725])
834_NUM
(53585, 1673, 0.0, [181.75352, 25.887863, 185.1786])
999_NUM
(24696, 1671, 0.0, [181.21844, 26.45974, 186.97987])
846_NUM
(34834, 1671, 0.0, [181.6334, 25.94549, 185.80151])
929_NUM
(40880, 1671, 0.0, [181.17679, 26.307985, 186.90927])
867_NUM
(42968, 1671, 0.0, [181.62506, 25.95065, 185.81274])
973_NUM
(44171, 1671, 0.0, [181.2523, 26.30142, 186.93016])
869_NUM
(44381, 1671, 0.0, [181.61406, 25.96214, 185.82771])
866_NUM
(46502, 1671, 0.0, [181.62767, 25.94983, 185.8031])
947_NUM
(53001, 1667, 0.0, [181.46094, 26.047285, 186.55])
865_NUM
(44184, 1652, 0.0, [181.6471, 25.94313, 185.69154])
855_NUM
(44708, 1652, 0.0, [181.69754, 25.914776, 185.47122])
864_NUM
(44822, 1652, 0.0, [181.7072, 25.894907, 185.52592])
851_NUM
(45592, 1652, 0.0, [181.68878, 25.916245, 185.50812])
847_NUM
(46895, 1652, 0.0, [181.64914, 25.936945, 185.68886])
862_NUM
(47284, 1652, 0.0, [181.64357, 25.9421, 185.70688])
871_NUM
(47819, 1652, 0.0, [181.65556, 25.94983, 185.63075])
861_NUM
(48336, 1652, 0.0, [181.67612, 25.924122, 185.5708])
858_NUM
(48753, 1652, 0.0, [181.71039, 25.902435, 185.45464])
848_NUM
(50988, 1652, 0.0, [181.70465, 25.89974, 185.45975])
854_NUM
(52049, 1652, 0.0, [181.71242, 25.898693, 185.43335])
857_NUM
(54869, 1652, 0.0, [181.6554, 25.938375, 185.65504])
868_NUM
(55201, 1652, 0.0, [181.65747, 25.93225, 185.68463])
642_NUM
(36359, 1649, 0.0, [182.2624, 25.575954, 183.43378])
704_NUM
(37232, 1649, 0.0, [182.22598, 25.56419, 183.71275])
633_NUM
(37426, 1649, 0.0, [182.21048, 25.62812, 183.4596])
636_NUM
(37806, 1649, 0.0, [182.23161, 25.61019, 183.44525])
826_NUM
(42911, 1647, 0.0, [181.77678, 25.874264, 185.12782])
824_NUM
(45385, 1647, 0.0, [181.80524, 25.80341, 185.18454])
827_NUM
(46086, 1647, 0.0, [181.78159, 25.869406, 185.10394])
831_NUM
(54048, 1647, 0.0, [181.76634, 25.883253, 185.121])
644_NUM
(40641, 1646, 0.0, [182.45686, 25.394104, 183.19957])
806_NUM
(41535, 1642, 0.0, [181.4578, 25.999973, 185.17772])
833_NUM
(41943, 1642, 0.0, [181.70227, 25.975554, 185.21432])
811_NUM
(44143, 1642, 0.0, [181.48611, 26.02155, 185.29997])
896_NUM
(40553, 1630, 0.0, [181.54768, 26.00721, 186.05817])
863_NUM
(47888, 1630, 0.0, [181.57964, 25.972956, 185.97745])
873_NUM
(49175, 1630, 0.0, [181.54863, 26.00871, 186.07292])
883_NUM
(49686, 1630, 0.0, [181.56017, 25.993793, 186.038])
872_NUM
(49922, 1630, 0.0, [181.57074, 26.001436, 185.93117])
852_NUM
(49984, 1630, 0.0, [181.57161, 25.974323, 185.85167])
877_NUM
(51281, 1630, 0.0, [181.57036, 25.99034, 186.00063])
870_NUM
(26752, 1626, 0.0, [181.52223, 26.69637, 183.60217])
875_NUM
(38101, 1622, 0.0, [181.62085, 26.03568, 185.51282])
874_NUM
(53579, 1622, 0.0, [181.61426, 25.97029, 185.74397])
684_NUM
(42642, 1597, 0.0, [182.5072, 25.36762, 183.51888])
777_NUM
(28914, 1581, 0.0, [182.19237, 25.17459, 184.65956])
500-1000_NUM
(249162, 1440, 0.0, [181.65942, 28.057665, 163.19676])
200-250_NUM
(265761, 1405, 0.0, [181.58386, 27.364656, 163.80072])
400_NUM
(2170, 1404, 0.0, [181.70901, 27.5704, 164.25371])
300-500_NUM
(200694, 1375, 0.0, [181.57442, 27.33077, 163.66295])
600_NUM
(3599, 1372, 0.0, [181.72633, 27.33951, 164.63834])
800_NUM
(3790, 1368, 0.0, [181.96413, 27.9598, 163.59587])
500_NUM
(1518, 1363, 0.0, [181.82312, 27.76702, 164.10365])
950_NUM
(17977, 1363, 0.0, [181.37833, 27.142036, 182.79805])
300_NUM
(2056, 1349, 0.0, [181.7327, 27.263653, 164.3371])
930_NUM
(28573, 1327, 0.0, [181.40794, 27.01215, 183.36975])
920_NUM
(31402, 1327, 0.0, [181.41402, 27.05712, 183.11826])
800-900_NUM
(290836, 1323, 0.0, [181.77385, 27.54369, 164.6789])
100-200_NUM
(123867, 1308, 0.0, [181.43738, 27.16172, 163.8058])
500-600_NUM
(150466, 1308, 0.0, [181.53055, 27.20923, 163.88432])
200_NUM
(1156, 1303, 0.0, [181.43378, 26.98448, 165.05034])
700_NUM
(4830, 1285, 0.0, [181.76875, 27.19606, 164.58134])
960_NUM
(23509, 1271, 0.0, [181.20154, 27.25449, 183.44438])
980_NUM
(29160, 1271, 0.0, [181.38264, 27.140587, 183.45146])
940_NUM
(29178, 1271, 0.0, [181.38501, 26.999237, 183.58897])
990_NUM
(29480, 1271, 0.0, [181.39986, 27.090557, 183.5047])
970_NUM
(31331, 1271, 0.0, [181.36322, 27.179167, 183.47394])
300-400_NUM
(120139, 1270, 0.0, [181.26846, 27.103508, 163.68193])
150-200_NUM
(134860, 1270, 0.0, [181.2697, 27.111055, 163.77812])
250-300_NUM
(197936, 1270, 0.0, [181.32213, 27.274664, 163.78386])
100-150_NUM
(175168, 1258, 0.0, [181.69838, 27.335665, 163.32632])
200-300_NUM
(99016, 1244, 0.0, [181.47412, 27.260983, 163.71765])
400-500_NUM
(139743, 1244, 0.0, [181.59555, 27.28791, 163.71706])
1520_NUM
(19111, 1234, 0.0, [177.72997, 45.9382, 198.93936])
900_NUM
(6423, 1231, 0.0, [181.81766, 27.572033, 165.4716])
2500_NUM
(13227, 1192, 0.0, [181.90544, 30.75386, 160.42392])
2600_NUM
(20631, 1192, 0.0, [181.8923, 30.93642, 160.25172])
3500_NUM
(20650, 1192, 0.0, [181.94475, 30.844076, 160.20471])
2300_NUM
(30257, 1192, 0.0, [181.8869, 30.91121, 160.40611])
5500_NUM
(40638, 1192, 0.0, [181.91551, 30.92886, 160.20435])
6500_NUM
(44695, 1192, 0.0, [181.94656, 30.903112, 160.17493])
5200_NUM
(59386, 1192, 0.0, [181.90105, 30.94221, 160.20297])
4200_NUM
(66417, 1192, 0.0, [181.87498, 30.957544, 160.27367])
6800_NUM
(73465, 1192, 0.0, [181.91103, 30.936634, 160.17462])
8800_NUM
(85654, 1192, 0.0, [181.88403, 30.954054, 160.18779])
4600_NUM
(86853, 1192, 0.0, [181.88454, 30.955914, 160.27567])
6200_NUM
(87684, 1192, 0.0, [181.89262, 30.95871, 160.22508])
4700_NUM
(95990, 1192, 0.0, [181.8718, 30.9564, 160.27693])
7600_NUM
(97713, 1192, 0.0, [181.93507, 30.91381, 160.1651])
8200_NUM
(114754, 1192, 0.0, [181.9094, 30.93934, 160.2062])
9800_NUM
(139599, 1192, 0.0, [181.92114, 30.916464, 160.15697])
7700_NUM
(160691, 1192, 0.0, [181.88974, 30.9563, 160.21628])
7900_NUM
(163690, 1192, 0.0, [181.90724, 30.94744, 160.16109])
9100_NUM
(261412, 1192, 0.0, [181.92174, 30.918304, 160.1399])
5300_NUM
(83074, 1189, 0.0, [181.70232, 31.12901, 160.4202])
5700_NUM
(97479, 1189, 0.0, [181.74603, 31.09639, 160.42783])
9700_NUM
(116202, 1189, 0.0, [181.72646, 31.07072, 160.23508])
5900_NUM
(159564, 1189, 0.0, [181.73924, 31.095373, 160.38777])
5250_NUM
(163340, 1189, 0.0, [181.71301, 31.060265, 160.23817])
3250_NUM
(203044, 1189, 0.0, [181.73259, 31.11193, 160.43703])
3650_NUM
(232487, 1189, 0.0, [181.71646, 31.135447, 160.44803])
2400_NUM
(26278, 1185, 0.0, [181.79517, 31.009705, 160.42632])
4500_NUM
(31530, 1185, 0.0, [181.85387, 30.98667, 160.2948])
3300_NUM
(46915, 1185, 0.0, [181.86488, 30.968073, 160.3072])
4400_NUM
(51889, 1185, 0.0, [181.8584, 30.98405, 160.29083])
4800_NUM
(59706, 1185, 0.0, [181.80638, 31.051077, 160.36029])
3400_NUM
(60876, 1185, 0.0, [181.78299, 31.072424, 160.40442])
5600_NUM
(69841, 1185, 0.0, [181.80864, 31.03777, 160.34679])
6600_NUM
(70916, 1185, 0.0, [181.88924, 30.966322, 160.22844])
7800_NUM
(73296, 1185, 0.0, [181.8685, 30.97085, 160.25941])
6400_NUM
(74799, 1185, 0.0, [181.85349, 30.998005, 160.23602])
4300_NUM
(78919, 1185, 0.0, [181.80884, 31.028606, 160.35573])
7200_NUM
(80944, 1185, 0.0, [181.85834, 30.99041, 160.24547])
5400_NUM
(82745, 1185, 0.0, [181.8405, 31.00921, 160.28839])
5800_NUM
(86553, 1185, 0.0, [181.8368, 31.007483, 160.30037])
9600_NUM
(87962, 1185, 0.0, [181.86914, 30.969456, 160.19698])
3900_NUM
(93244, 1185, 0.0, [181.81064, 31.03409, 160.33748])
5100_NUM
(96502, 1185, 0.0, [181.87791, 30.97055, 160.24356])
4100_NUM
(101949, 1185, 0.0, [181.86258, 30.98217, 160.28828])
6100_NUM
(107016, 1185, 0.0, [181.85582, 30.99164, 160.24667])
6300_NUM
(108458, 1185, 0.0, [181.80788, 31.134766, 160.32376])
7400_NUM
(120204, 1185, 0.0, [181.82272, 31.021618, 160.25491])
8600_NUM
(132088, 1185, 0.0, [181.88782, 30.964468, 160.20267])
8100_NUM
(135673, 1185, 0.0, [181.88326, 30.962374, 160.19188])
7100_NUM
(147348, 1185, 0.0, [181.83261, 31.01513, 160.25587])
6700_NUM
(156913, 1185, 0.0, [181.77339, 31.15246, 160.3731])
8300_NUM
(160665, 1185, 0.0, [181.8852, 30.963606, 160.2301])
9200_NUM
(163336, 1185, 0.0, [181.77403, 31.064966, 160.31375])
8400_NUM
(165474, 1185, 0.0, [181.85611, 30.99053, 160.25247])
3750_NUM
(174289, 1185, 0.0, [181.82637, 31.011208, 160.33783])
9400_NUM
(185559, 1185, 0.0, [181.79123, 31.0546, 160.3309])
3350_NUM
(200130, 1185, 0.0, [181.82454, 31.013287, 160.32982])
6900_NUM
(211793, 1185, 0.0, [181.86343, 30.984266, 160.2505])
4250_NUM
(221637, 1185, 0.0, [181.8159, 31.0188, 160.34572])
9900_NUM
(227010, 1185, 0.0, [181.83336, 31.007063, 160.1924])
250_NUM
(3466, 1181, 0.0, [181.85388, 27.178305, 165.83464])
350_NUM
(5909, 1181, 0.0, [181.87386, 27.108576, 165.98663])
2100_NUM
(24443, 1175, 0.0, [181.5913, 31.176193, 160.77867])
2200_NUM
(25302, 1175, 0.0, [181.72295, 31.125477, 160.5527])
3200_NUM
(34142, 1175, 0.0, [181.72646, 31.102283, 160.51372])
2700_NUM
(36987, 1175, 0.0, [181.72412, 31.108925, 160.52104])
2800_NUM
(37838, 1175, 0.0, [181.67366, 31.18501, 160.5252])
3100_NUM
(52829, 1175, 0.0, [181.69608, 31.14841, 160.53667])
2900_NUM
(56074, 1175, 0.0, [181.71268, 31.144627, 160.50609])
3700_NUM
(71605, 1175, 0.0, [181.70877, 31.1442, 160.51836])
2250_NUM
(99124, 1175, 0.0, [181.5497, 31.277992, 160.68303])
2350_NUM
(119015, 1175, 0.0, [181.59972, 31.256096, 160.71461])
2750_NUM
(126621, 1175, 0.0, [181.74312, 31.086643, 160.47298])
4900_NUM
(127898, 1175, 0.0, [181.70132, 31.14469, 160.48506])
2650_NUM
(137346, 1175, 0.0, [181.61858, 31.229275, 160.62708])
3150_NUM
(169681, 1175, 0.0, [181.72258, 31.1199, 160.49802])
3050_NUM
(185707, 1175, 0.0, [181.68408, 31.148193, 160.55383])
2850_NUM
(202787, 1175, 0.0, [181.64043, 31.198906, 160.61356])
6250_NUM
(224789, 1175, 0.0, [181.54967, 31.291487, 160.63739])
3450_NUM
(246137, 1175, 0.0, [181.56526, 31.28272, 160.60786])
700-800_NUM
(266392, 1164, 0.0, [181.89514, 27.219103, 163.48143])
4000_NUM
(10848, 1163, 0.0, [182.06372, 30.75725, 159.95805])
6000_NUM
(14267, 1163, 0.0, [182.02885, 30.800144, 160.01152])
9000_NUM
(23247, 1163, 0.0, [182.06995, 30.737938, 159.96358])
7500_NUM
(46006, 1163, 0.0, [182.01337, 30.8049, 160.03514])
3800_NUM
(56470, 1163, 0.0, [182.06284, 30.774057, 160.09969])
8500_NUM
(61791, 1163, 0.0, [181.9607, 30.88346, 160.108])
9500_NUM
(76528, 1163, 0.0, [182.0493, 30.77258, 160.06982])
7300_NUM
(151393, 1163, 0.0, [181.9549, 30.88681, 160.10739])
9300_NUM
(172003, 1163, 0.0, [182.00069, 30.833027, 159.99448])
8700_NUM
(208801, 1163, 0.0, [181.9572, 30.908815, 160.1058])
8900_NUM
(243949, 1163, 0.0, [181.99908, 30.796635, 160.10605])
2450_NUM
(148026, 1160, 0.0, [181.80557, 31.048014, 160.46727])
1518_NUM
(30205, 1151, 0.0, [177.73741, 46.29044, 199.10811])
1530_NUM
(18459, 1147, 0.0, [177.67152, 46.049755, 198.63933])
3000_NUM
(6075, 1146, 0.0, [182.02129, 30.302317, 160.58649])
650_NUM
(10829, 1142, 0.0, [181.86821, 27.12282, 167.37402])
750_NUM
(8932, 1140, 0.0, [181.84885, 27.20967, 166.61197])
450_NUM
(7631, 1133, 0.0, [181.87311, 27.111303, 166.43524])
26000_NUM
(160759, 1131, 0.0, [181.83733, 30.98798, 159.72614])
150_NUM
(2596, 1114, 0.0, [182.04474, 26.53991, 167.93994])
600-700_NUM
(223188, 1111, 0.0, [181.75615, 27.276514, 163.35818])
2311_NUM
(232208, 1111, 0.0, [181.24588, 31.460407, 160.75801])
5280_NUM
(251136, 1111, 0.0, [181.28615, 31.47572, 160.62265])
1550_NUM
(15477, 1110, 0.0, [177.56747, 46.2083, 198.17809])
3600_NUM
(44322, 1110, 0.0, [181.55405, 31.31055, 160.62503])
2550_NUM
(138843, 1110, 0.0, [181.55356, 31.306564, 160.7294])
5050_NUM
(237983, 1110, 0.0, [181.55197, 31.323673, 160.7205])
3850_NUM
(289934, 1110, 0.0, [181.49669, 31.36017, 160.7051])
7000_NUM
(18533, 1107, 0.0, [182.16933, 30.68674, 159.72926])
11000_NUM
(128171, 1107, 0.0, [182.17468, 30.68168, 159.62988])
13000_NUM
(141730, 1107, 0.0, [182.19115, 30.661203, 159.6515])
550_NUM
(10660, 1103, 0.0, [181.96443, 27.01758, 169.00162])
850_NUM
(13378, 1103, 0.0, [181.79926, 27.292154, 168.83441])
22000_NUM
(147521, 1087, 0.0, [181.83612, 30.950672, 159.55571])
27000_NUM
(211686, 1087, 0.0, [181.97919, 30.86202, 159.6844])
29000_NUM
(277399, 1087, 0.0, [181.87343, 30.93544, 159.77763])
1000s_NUM
(225454, 1080, 0.0, [182.24892, 30.38638, 160.07642])
1521_NUM
(19721, 1066, 0.0, [177.70361, 46.31056, 198.89856])
1519_NUM
(25000, 1066, 0.0, [177.7201, 46.28823, 199.00574])
1522_NUM
(25206, 1066, 0.0, [177.72089, 46.31231, 199.0142])
1523_NUM
(25352, 1066, 0.0, [177.72214, 46.283394, 199.02373])
1526_NUM
(18897, 1061, 0.0, [177.63538, 46.481575, 198.53586])
1525_NUM
(20310, 1061, 0.0, [177.6278, 46.48005, 198.52734])
1528_NUM
(22503, 1061, 0.0, [177.62642, 46.499165, 198.49023])
1524_NUM
(23047, 1061, 0.0, [177.64241, 46.458897, 198.60081])
1000_NUM
(2882, 1059, 0.0, [182.04276, 29.45469, 161.5388])
1500_NUM
(5186, 1059, 0.0, [182.02248, 29.57475, 161.62332])
2933_NUM
(203978, 1053, 0.0, [181.2112, 31.60525, 160.99205])
3040_NUM
(260391, 1053, 0.0, [181.25317, 31.60896, 161.07509])
5750_NUM
(260883, 1053, 0.0, [181.29776, 31.559355, 160.9689])
3310_NUM
(290633, 1053, 0.0, [181.35428, 31.519936, 160.86148])
2150_NUM
(94278, 1050, 0.0, [181.44925, 31.389145, 160.83655])
1540_NUM
(15668, 1045, 0.0, [177.56477, 46.51103, 198.10829])
1527_NUM
(22587, 1045, 0.0, [177.58607, 46.59048, 198.2883])
1529_NUM
(22620, 1045, 0.0, [177.58934, 46.571686, 198.29558])
1531_NUM
(26290, 1045, 0.0, [177.59605, 46.56122, 198.31624])
8000_NUM
(18758, 1016, 0.0, [182.38002, 30.45805, 159.49196])
