99.9_NUM
(33452, 33947, 1.0, [39.3016, 153.827, 226.9681])
99.5_NUM
(34726, 33947, 0.0, [39.29761, 153.83054, 226.98221])
97.5_NUM
(35524, 33947, 0.0, [39.30662, 153.84232, 226.97783])
98.5_NUM
(37648, 33947, 0.0, [39.30194, 153.8377, 226.98119])
93.5_NUM
(37682, 33947, 0.0, [39.32411, 153.86153, 226.96072])
94.9_NUM
(37946, 33947, 0.0, [39.303524, 153.83891, 226.98143])
97.3_NUM
(38196, 33947, 0.0, [39.304245, 153.83769, 226.9804])
96.5_NUM
(38394, 33947, 0.0, [39.30666, 153.84422, 226.9786])
92.5_NUM
(38898, 33947, 0.0, [39.31951, 153.85506, 226.9647])
96.7_NUM
(38965, 33947, 0.0, [39.308517, 153.84587, 226.97649])
94.5_NUM
(39249, 33947, 0.0, [39.308826, 153.84384, 226.9742])
95.5_NUM
(39292, 33947, 0.0, [39.30856, 153.84467, 226.97498])
92.3_NUM
(39582, 33947, 0.0, [39.33977, 153.87685, 226.94421])
92.7_NUM
(39844, 33947, 0.0, [39.335594, 153.87434, 226.94885])
97.7_NUM
(39999, 33947, 0.0, [39.307632, 153.8448, 226.97702])
97.1_NUM
(40146, 33947, 0.0, [39.31012, 153.84712, 226.97458])
98.7_NUM
(40406, 33947, 0.0, [39.30702, 153.84332, 226.97758])
95.3_NUM
(41105, 33947, 0.0, [39.30898, 153.84496, 226.97592])
96.3_NUM
(41177, 33947, 0.0, [39.307243, 153.84433, 226.97794])
96.9_NUM
(41229, 33947, 0.0, [39.305595, 153.84134, 226.9795])
93.3_NUM
(41235, 33947, 0.0, [39.34103, 153.87958, 226.94305])
93.7_NUM
(41290, 33947, 0.0, [39.328587, 153.86569, 226.95593])
98.3_NUM
(41488, 33947, 0.0, [39.30612, 153.84323, 226.9782])
95.7_NUM
(41737, 33947, 0.0, [39.31491, 153.8526, 226.97037])
92.1_NUM
(41779, 33947, 0.0, [39.33191, 153.8708, 226.95255])
94.1_NUM
(41861, 33947, 0.0, [39.315662, 153.85228, 226.96814])
94.3_NUM
(42246, 33947, 0.0, [39.326756, 153.86441, 226.95796])
97.9_NUM
(42415, 33947, 0.0, [39.30502, 153.84174, 226.9793])
92.9_NUM
(43080, 33947, 0.0, [39.34546, 153.88358, 226.93845])
96.1_NUM
(43164, 33947, 0.0, [39.31832, 153.85683, 226.9664])
94.7_NUM
(43177, 33947, 0.0, [39.314243, 153.84958, 226.9689])
95.9_NUM
(43955, 33947, 0.0, [39.3141, 153.85197, 226.97052])
98.1_NUM
(44402, 33947, 0.0, [39.308266, 153.8445, 226.9757])
99.7_NUM
(44774, 33947, 1.0, [39.297646, 153.8324, 226.96388])
93.9_NUM
(44855, 33947, 0.0, [39.321808, 153.85936, 226.96278])
99.1_NUM
(44919, 33947, 0.0, [39.303677, 153.8381, 226.9782])
93.1_NUM
(45123, 33947, 0.0, [39.42985, 153.97336, 226.85075])
95.1_NUM
(45192, 33947, 0.0, [39.31382, 153.85072, 226.97089])
99.3_NUM
(45507, 33947, 0.0, [39.30224, 153.83664, 226.97894])
98.9_NUM
(46402, 33947, 0.0, [39.30189, 153.83667, 226.97942])
91.5_NUM
(44036, 32694, 0.0, [39.85877, 154.42818, 226.4043])
91.7_NUM
(44744, 32694, 0.0, [39.860584, 154.43008, 226.40231])
91.9_NUM
(45749, 32694, 0.0, [39.86197, 154.43137, 226.40086])
88.1_NUM
(46675, 32694, 0.0, [39.85765, 154.42708, 226.4057])
90.7_NUM
(47190, 32694, 0.0, [39.858864, 154.42752, 226.404])
91.1_NUM
(47463, 32694, 0.0, [39.85978, 154.4291, 226.40326])
91.3_NUM
(48395, 32694, 0.0, [39.860954, 154.43013, 226.402])
89.9_NUM
(48826, 32694, 0.0, [39.78326, 154.34631, 226.48293])
90.3_NUM
(48934, 32694, 0.0, [39.8576, 154.42667, 226.40524])
88.5_NUM
(49064, 32694, 0.0, [39.86109, 154.42921, 226.40152])
90.5_NUM
(50180, 32694, 0.0, [39.85883, 154.4289, 226.40459])
89.3_NUM
(50444, 32694, 0.0, [39.858288, 154.42761, 226.40492])
90.1_NUM
(50461, 32694, 0.0, [39.861248, 154.42987, 226.40163])
90.9_NUM
(50471, 32694, 0.0, [39.860546, 154.42966, 226.40242])
88.9_NUM
(50618, 32694, 0.0, [39.85646, 154.42513, 226.40652])
89.5_NUM
(51364, 32694, 0.0, [39.859573, 154.42854, 226.40327])
89.7_NUM
(53587, 32694, 0.0, [39.8573, 154.42712, 226.40585])
89.1_NUM
(54024, 32694, 1.0, [39.861385, 154.4291, 226.40108])
88.3_NUM
(54072, 32694, 0.0, [39.85271, 154.42169, 226.41063])
88.7_NUM
(54857, 32694, 0.0, [39.858685, 154.42772, 226.40424])
87.7_NUM
(63702, 32694, 0.0, [39.861095, 154.42938, 226.40141])
17.5_NUM
(19362, 1295, 0.0, [26.522085, 123.91021, 40.44965])
15.5_NUM
(19868, 1295, 0.0, [26.55577, 123.88191, 40.41508])
14.3_NUM
(19895, 1295, 0.0, [26.49714, 123.91139, 40.40198])
16.7_NUM
(20192, 1295, 0.0, [26.47276, 123.930824, 40.42555])
18.5_NUM
(20734, 1295, 0.0, [26.40586, 123.997856, 40.5479])
15.4_NUM
(22479, 1295, 0.0, [26.46265, 123.94058, 40.434464])
14.6_NUM
(22774, 1295, 0.0, [26.47985, 123.92432, 40.41655])
15.2_NUM
(23168, 1295, 0.0, [26.56053, 123.86339, 40.34689])
15.6_NUM
(23470, 1295, 0.0, [26.36323, 124.01969, 40.5219])
15.8_NUM
(24085, 1295, 0.0, [26.416895, 123.97824, 40.47683])
15.3_NUM
(24544, 1295, 0.0, [26.5377, 123.88141, 40.36718])
16.4_NUM
(24669, 1295, 0.0, [26.46602, 123.93874, 40.43214])
16.3_NUM
(24763, 1295, 0.0, [26.40615, 123.98623, 40.49137])
16.1_NUM
(24810, 1295, 0.0, [26.53833, 123.882454, 40.36888])
15.7_NUM
(25074, 1295, 0.0, [26.37434, 124.01101, 40.51512])
15.9_NUM
(25096, 1295, 0.0, [26.36172, 124.02179, 40.53205])
18.6_NUM
(25405, 1295, 0.0, [26.31965, 124.057915, 40.55478])
16.8_NUM
(25500, 1295, 0.0, [26.31617, 124.05575, 40.56161])
17.2_NUM
(25576, 1295, 0.0, [26.30219, 124.07212, 40.5805])
16.0_NUM
(30116, 1295, 0.0, [26.50124, 123.91599, 40.50918])
15.0_NUM
(28856, 1083, 0.0, [26.69445, 123.757164, 40.29328])
14.8_NUM
(23737, 1072, 0.0, [26.61768, 123.81583, 40.28506])
16.2_NUM
(24235, 1072, 0.0, [26.59437, 123.83525, 40.31801])
15.1_NUM
(26046, 1072, 0.0, [26.61609, 123.818115, 40.30271])
13.5_NUM
(16406, 1061, 0.0, [26.83093, 123.65885, 40.16896])
14.5_NUM
(17496, 1061, 0.0, [26.85931, 123.633896, 40.14315])
16.5_NUM
(19396, 1061, 0.0, [26.95077, 123.53437, 40.02411])
11.8_NUM
(19575, 1061, 0.0, [26.91023, 123.57724, 40.05205])
11.3_NUM
(19597, 1061, 0.0, [26.87264, 123.607506, 40.08065])
11.6_NUM
(19714, 1061, 0.0, [26.90424, 123.581535, 40.04744])
11.7_NUM
(20113, 1061, 0.0, [26.76449, 123.69333, 40.16276])
12.3_NUM
(20215, 1061, 0.0, [26.82418, 123.648285, 40.113])
13.3_NUM
(20388, 1061, 0.0, [26.69475, 123.75366, 40.23236])
13.6_NUM
(20405, 1061, 0.0, [26.78005, 123.68403, 40.15141])
12.8_NUM
(20503, 1061, 0.0, [26.90956, 123.57136, 40.04051])
11.9_NUM
(20939, 1061, 0.0, [26.77449, 123.688576, 40.15993])
12.6_NUM
(21250, 1061, 0.0, [26.82434, 123.64679, 40.11035])
12.4_NUM
(21285, 1061, 0.0, [26.80457, 123.66435, 40.13067])
13.8_NUM
(21371, 1061, 0.0, [26.83958, 123.63495, 40.10092])
12.9_NUM
(21641, 1061, 0.0, [26.82187, 123.64978, 40.12606])
13.4_NUM
(22476, 1061, 0.0, [26.78611, 123.67725, 40.14673])
14.2_NUM
(22867, 1061, 0.0, [26.90041, 123.58707, 40.04518])
13.7_NUM
(23102, 1061, 0.0, [26.74623, 123.71008, 40.18188])
14.7_NUM
(23197, 1061, 0.0, [26.72978, 123.72462, 40.19658])
14.4_NUM
(23461, 1061, 0.0, [26.954195, 123.510704, 39.99671])
13.9_NUM
(23507, 1061, 0.0, [26.76142, 123.69905, 40.16967])
12.0_NUM
(24264, 1061, 0.0, [26.90083, 123.59136, 40.10718])
14.9_NUM
(24296, 1061, 0.0, [26.643965, 123.79437, 40.27535])
13.0_NUM
(25052, 1061, 0.0, [26.86465, 123.61925, 40.12665])
14.0_NUM
(27335, 1061, 0.0, [26.80112, 123.67192, 40.19854])
