respectively_ADV
(1302, 68568, 1.0, [67.80374, 18.79171, 143.57149])
10_NUM
(144, 68019, 0.0, [67.52314, 18.73133, 143.5659])
18_NUM
(188, 68019, 0.0, [67.47811, 18.70488, 143.57582])
12_NUM
(222, 68019, 0.0, [67.50278, 18.72551, 143.56902])
20_NUM
(227, 68019, 0.0, [67.50858, 18.72384, 143.56749])
15_NUM
(234, 68019, 0.0, [67.53419, 18.77542, 143.55132])
11_NUM
(279, 68019, 0.0, [67.49935, 18.72091, 143.57042])
30_NUM
(280, 68019, 0.0, [67.49064, 18.70844, 143.57271])
25_NUM
(290, 68019, 0.0, [67.483284, 18.70466, 143.57533])
16_NUM
(296, 68019, 0.0, [67.5273, 18.7572, 143.55919])
14_NUM
(300, 68019, 0.0, [67.51333, 18.74369, 143.56297])
13_NUM
(317, 68019, 0.0, [67.50845, 18.7339, 143.56612])
24_NUM
(350, 68019, 0.0, [67.4824, 18.70535, 143.57503])
17_NUM
(369, 68019, 0.0, [67.50191, 18.72848, 143.56647])
21_NUM
(437, 68019, 0.0, [67.49269, 18.71272, 143.57054])
19_NUM
(454, 68019, 0.0, [67.499176, 18.72277, 143.56868])
22_NUM
(456, 68019, 1.0, [67.49147, 18.71041, 143.57127])
23_NUM
(485, 68019, 0.0, [67.49298, 18.70975, 143.57182])
28_NUM
(507, 68019, 0.0, [67.4926, 18.70931, 143.57208])
26_NUM
(514, 68019, 0.0, [67.49406, 18.71145, 143.57156])
27_NUM
(522, 68019, 0.0, [67.49855, 18.71136, 143.57123])
29_NUM
(588, 68019, 0.0, [67.49359, 18.71083, 143.57187])
31_NUM
(699, 68019, 0.0, [67.494705, 18.71195, 143.57126])
20_PROPN
(99155, 65876, 0.0, [67.6652, 19.06271, 143.44565])
