2008-2012_NUM
(65106, 65382, 0.0, [151.83427, 84.56702, 35.23163])
2007-2011_NUM
(78472, 65382, 0.0, [151.94894, 84.61297, 35.10708])
2009-2013_NUM
(84324, 65382, 0.0, [151.90329, 84.57678, 35.16021])
2011-2015_NUM
(87545, 65382, 0.0, [151.84541, 84.57298, 35.22712])
1998-2002_NUM
(91814, 65382, 0.0, [151.89223, 84.560936, 35.17014])
2013-2016_NUM
(112094, 65382, 0.0, [151.8555, 84.559235, 35.21121])
2008-2013_NUM
(115964, 65382, 0.0, [151.83147, 84.563934, 35.23303])
2005-2011_NUM
(190754, 65382, 0.0, [151.81357, 84.56879, 35.25824])
2002-2010_NUM
(197418, 65382, 0.0, [151.81082, 84.560425, 35.25913])
2007-2014_NUM
(214187, 65382, 0.0, [151.82083, 84.559586, 35.24866])
2004-2012_NUM
(232669, 65382, 0.0, [151.81772, 84.55939, 35.25478])
2010-2016_NUM
(238704, 65382, 0.0, [151.83101, 84.56155, 35.24534])
2004-2014_NUM
(276269, 65382, 0.0, [151.82259, 84.563484, 35.25287])
2006-2014_NUM
(280783, 65382, 0.0, [151.81917, 84.56152, 35.25592])
currently_ADV
(312, 64015, 0.0, [151.82509, 84.54381, 35.28164])
current_ADJ
(408, 64015, 0.0, [151.89835, 84.508514, 35.21689])
2006-2010_NUM
(48976, 64015, 0.0, [151.98462, 84.4457, 35.0675])
2008-2010_NUM
(57975, 64015, 0.0, [151.82785, 84.4884, 35.20804])
2010-2012_NUM
(59786, 64015, 0.0, [151.85211, 84.53884, 35.22983])
2007-2009_NUM
(60030, 64015, 0.0, [151.81781, 84.51218, 35.22552])
2009-2011_NUM
(60108, 64015, 0.0, [151.83247, 84.5241, 35.210075])
2011-2013_NUM
(67997, 64015, 0.0, [151.8441, 84.551605, 35.22048])
2007-2010_NUM
(71321, 64015, 0.0, [151.80649, 84.53228, 35.24625])
2012-2014_NUM
(72931, 64015, 0.0, [151.8769, 84.53006, 35.18734])
2010-2013_NUM
(77097, 64015, 0.0, [151.85533, 84.552704, 35.21781])
2008-2011_NUM
(78456, 64015, 0.0, [151.83177, 84.54531, 35.22723])
2009-2012_NUM
(80760, 64015, 0.0, [151.86783, 84.5295, 35.19927])
2005-2008_NUM
(81000, 64015, 0.0, [151.82097, 84.54887, 35.23899])
2013-2015_NUM
(85662, 64015, 0.0, [152.03166, 84.4492, 35.03614])
2005-2009_NUM
(85685, 64015, 0.0, [151.87585, 84.51293, 35.18073])
2010-2014_NUM
(85780, 64015, 0.0, [151.87074, 84.55501, 35.20586])
2014-2016_NUM
(95509, 64015, 0.0, [151.86469, 84.53621, 35.20776])
2010-2015_NUM
(96066, 64015, 0.0, [151.85275, 84.55543, 35.21115])
2012-2015_NUM
(98698, 64015, 0.0, [151.84296, 84.543755, 35.22136])
2011-2014_NUM
(98727, 64015, 0.0, [151.86833, 84.53605, 35.19926])
2007-2012_NUM
(100109, 64015, 0.0, [151.82776, 84.556595, 35.23321])
2009-2014_NUM
(105741, 64015, 0.0, [151.81555, 84.54592, 35.25128])
2012-2016_NUM
(115479, 64015, 0.0, [151.8513, 84.549, 35.21871])
2007-2013_NUM
(117850, 64015, 0.0, [151.84984, 84.54085, 35.22761])
2000-2006_NUM
(121287, 64015, 0.0, [151.8412, 84.52496, 35.21963])
2006-2012_NUM
(157645, 64015, 0.0, [151.83592, 84.53904, 35.232105])
2000-2008_NUM
(162635, 64015, 0.0, [151.88138, 84.48504, 35.18293])
2011-2016_NUM
(177938, 64015, 0.0, [151.84232, 84.55362, 35.23433])
2009-2015_NUM
(186030, 64015, 0.0, [151.83537, 84.5554, 35.23357])
2001-2009_NUM
(220058, 64015, 0.0, [152.02127, 84.31391, 35.07046])
2004-2011_NUM
(225961, 64015, 0.0, [151.83301, 84.550995, 35.246])
2009-11_NUM
(229705, 64015, 0.0, [151.9257, 84.54323, 35.08745])
2008-2015_NUM
(230627, 64015, 0.0, [151.82585, 84.54983, 35.24081])
2011-13_NUM
(234903, 64015, 0.0, [151.8271, 84.50178, 35.21187])
2010-12_NUM
(235465, 64015, 0.0, [151.86961, 84.539764, 35.18636])
1997-2007_NUM
(248501, 64015, 0.0, [151.97955, 84.362656, 35.14059])
2007-2015_NUM
(249599, 64015, 0.0, [151.83472, 84.55441, 35.24419])
2003-2012_NUM
(253436, 64015, 0.0, [151.8615, 84.520035, 35.20361])
2015-2017_NUM
(264344, 64015, 0.0, [151.85728, 84.53773, 35.23472])
2015-present_ADJ
(269096, 64015, 0.0, [151.85823, 84.54324, 35.217693])
2013-2017_NUM
(280289, 64015, 0.0, [151.83885, 84.55023, 35.260303])
2014-2017_NUM
(291847, 64015, 0.0, [151.82498, 84.54159, 35.27084])
Currently_PROPN
(38746, 62533, 0.0, [151.7892, 84.57476, 35.2979])
2001-2011_NUM
(57786, 62533, 1.0, [151.72452, 84.794945, 35.53578])
2005-2007_NUM
(63838, 62533, 0.0, [151.76622, 84.57736, 35.29121])
2004-2006_NUM
(66236, 62533, 0.0, [151.70576, 84.62921, 35.36926])
2002-2004_NUM
(67901, 62533, 0.0, [151.71954, 84.617744, 35.35503])
2001-2003_NUM
(68001, 62533, 0.0, [151.62505, 84.66153, 35.45882])
1999-2001_NUM
(68724, 62533, 0.0, [151.5511, 84.697655, 35.53623])
1998-2000_NUM
(70798, 62533, 0.0, [151.52966, 84.70748, 35.56708])
2003-2005_NUM
(71220, 62533, 0.0, [151.6045, 84.724236, 35.47302])
2001-2005_NUM
(77035, 62533, 0.0, [151.68129, 84.64458, 35.39944])
2001-2004_NUM
(78973, 62533, 0.0, [151.69861, 84.63461, 35.37776])
2000-2002_NUM
(79145, 62533, 0.0, [151.60487, 84.66704, 35.48059])
1999-2002_NUM
(79146, 62533, 0.0, [151.49957, 84.755264, 35.59742])
2003-2006_NUM
(82157, 62533, 0.0, [151.7262, 84.618614, 35.34991])
2004-2007_NUM
(85147, 62533, 0.0, [151.72736, 84.62333, 35.33969])
2000-2003_NUM
(85479, 62533, 0.0, [151.66724, 84.635376, 35.41675])
2000-2010_NUM
(86547, 62533, 0.0, [151.7703, 84.63263, 35.36387])
1998-2001_NUM
(87656, 62533, 0.0, [151.6581, 84.65803, 35.42451])
1997-2000_NUM
(88427, 62533, 0.0, [151.48705, 84.73753, 35.61655])
2003-2007_NUM
(88957, 62533, 0.0, [151.77502, 84.58338, 35.29744])
1999-2003_NUM
(90118, 62533, 0.0, [151.70656, 84.634895, 35.37066])
1997-2001_NUM
(90658, 62533, 0.0, [151.5583, 84.705894, 35.54176])
2000-2004_NUM
(92194, 62533, 0.0, [151.67009, 84.65903, 35.41112])
2004-2008_NUM
(92210, 62533, 0.0, [151.73273, 84.61956, 35.34748])
1991-2001_NUM
(93581, 62533, 0.0, [151.73349, 84.7778, 35.57391])
1996-2000_NUM
(94397, 62533, 0.0, [151.57175, 84.69146, 35.5327])
2002-2006_NUM
(94424, 62533, 0.0, [151.71474, 84.62617, 35.36373])
2000-2005_NUM
(96135, 62533, 0.0, [151.7155, 84.63707, 35.36134])
2004-2009_NUM
(97376, 62533, 0.0, [151.75797, 84.61787, 35.31256])
2005-2010_NUM
(98096, 62533, 0.0, [151.75172, 84.60672, 35.3179])
1993-1996_NUM
(102856, 62533, 0.0, [151.4977, 84.74772, 35.60078])
1999-2004_NUM
(111226, 62533, 0.0, [151.71307, 84.63426, 35.35432])
1996-1999_NUM
(111311, 62533, 0.0, [151.5431, 84.67651, 35.55656])
2001-2006_NUM
(116463, 62533, 0.0, [151.72647, 84.61402, 35.34531])
2002-2007_NUM
(116830, 62533, 0.0, [151.69688, 84.64876, 35.38754])
1996-2001_NUM
(118944, 62533, 0.0, [151.55423, 84.718895, 35.5408])
1995-2000_NUM
(121422, 62533, 0.0, [151.6028, 84.703766, 35.51833])
1998-2003_NUM
(126019, 62533, 0.0, [151.53441, 84.734314, 35.57921])
1999-2005_NUM
(143297, 62533, 0.0, [151.64815, 84.66356, 35.4316])
2004-2010_NUM
(143750, 62533, 0.0, [151.76225, 84.599106, 35.30829])
2000-2009_NUM
(143778, 62533, 0.0, [151.6538, 84.68139, 35.4594])
1997-2002_NUM
(146936, 62533, 0.0, [151.53224, 84.731064, 35.58101])
1995-2001_NUM
(151714, 62533, 0.0, [151.56718, 84.703865, 35.55287])
2002-2008_NUM
(153273, 62533, 0.0, [151.7469, 84.60268, 35.34194])
1999-2009_NUM
(161615, 62533, 0.0, [151.71492, 84.596924, 35.38755])
1996-2002_NUM
(162088, 62533, 0.0, [151.73148, 84.60354, 35.363655])
1990-2000_NUM
(164063, 62533, 0.0, [151.6073, 84.6831, 35.52217])
1998-2004_NUM
(164257, 62533, 0.0, [151.62328, 84.67916, 35.47661])
1997-2003_NUM
(164325, 62533, 0.0, [151.6043, 84.69269, 35.494])
2003-2009_NUM
(164591, 62533, 0.0, [151.73466, 84.618, 35.345325])
2000-2007_NUM
(178209, 62533, 0.0, [151.73303, 84.61729, 35.34015])
1995-2005_NUM
(179789, 62533, 0.0, [151.75858, 84.58079, 35.34112])
2003-2010_NUM
(183004, 62533, 0.0, [151.74731, 84.612114, 35.32949])
1998-2005_NUM
(184319, 62533, 0.0, [151.68205, 84.65462, 35.40536])
1994-1999_NUM
(185389, 62533, 0.0, [151.56354, 84.71114, 35.53522])
1997-2005_NUM
(186390, 62533, 0.0, [151.63223, 84.66738, 35.46481])
1999-2006_NUM
(188866, 62533, 0.0, [151.61314, 84.69258, 35.48789])
1997-2004_NUM
(195299, 62533, 0.0, [151.56549, 84.70401, 35.55467])
2002-2009_NUM
(199801, 62533, 0.0, [151.766, 84.58019, 35.30154])
1992-1998_NUM
(205337, 62533, 0.0, [151.53334, 84.71001, 35.60636])
1994-2001_NUM
(206061, 62533, 0.0, [151.522, 84.7335, 35.61256])
1999-2007_NUM
(210077, 62533, 0.0, [151.64491, 84.666595, 35.45438])
2003-2011_NUM
(213241, 62533, 0.0, [151.59988, 84.69261, 35.51249])
1995-2002_NUM
(213382, 62533, 0.0, [151.59727, 84.69113, 35.51303])
1998-2006_NUM
(215616, 62533, 0.0, [151.68625, 84.65056, 35.40094])
1993-2000_NUM
(223869, 62533, 0.0, [151.54126, 84.728935, 35.58314])
2003-2013_NUM
(226391, 62533, 0.0, [151.77243, 84.60261, 35.31])
1994-2004_NUM
(227701, 62533, 0.0, [151.6167, 84.67958, 35.48854])
2001-2008_NUM
(233091, 62533, 0.0, [151.73367, 84.60703, 35.3421])
1998-2008_NUM
(234462, 62533, 0.0, [151.72865, 84.6159, 35.35807])
1996-2004_NUM
(235601, 62533, 0.0, [151.58176, 84.702095, 35.53716])
2005-2013_NUM
(236688, 62533, 0.0, [151.7486, 84.60892, 35.33316])
2006-2013_NUM
(238631, 62533, 0.0, [151.76648, 84.59871, 35.3103])
1996-2006_NUM
(241053, 62533, 0.0, [151.6976, 84.62886, 35.381145])
1993-2003_NUM
(246589, 62533, 0.0, [151.61658, 84.68894, 35.49851])
1996-2003_NUM
(246942, 62533, 0.0, [151.59483, 84.698845, 35.51097])
1990-1999_NUM
(261424, 62533, 0.0, [151.60332, 84.68892, 35.51853])
1994-2002_NUM
(264137, 62533, 0.0, [151.69077, 84.6327, 35.405445])
2005-2015_NUM
(265657, 62533, 0.0, [151.78278, 84.58437, 35.30793])
1992-2000_NUM
(270677, 62533, 0.0, [151.54015, 84.72604, 35.58652])
1996-2005_NUM
(271102, 62533, 0.0, [151.5616, 84.7127, 35.56289])
2006-08_NUM
(273827, 62533, 0.0, [151.72809, 84.558395, 35.31825])
1995-2004_NUM
(279566, 62533, 0.0, [151.6351, 84.656296, 35.48887])
1995-1998_NUM
(113351, 61381, 0.0, [151.48819, 84.745544, 35.63945])
1994-2000_NUM
(153750, 61381, 0.0, [151.49799, 84.741394, 35.62397])
1991-2000_NUM
(267328, 61381, 0.0, [151.48666, 84.736786, 35.65977])
1993-2001_NUM
(276615, 61381, 0.0, [151.4722, 84.76684, 35.69161])
1990-1998_NUM
(295390, 61381, 0.0, [151.48546, 84.74317, 35.66588])
1987-1991_NUM
(170826, 61094, 0.0, [151.18149, 84.903694, 36.04283])
1987-1992_NUM
(191742, 61094, 0.0, [151.15253, 84.91223, 36.06801])
1988-1993_NUM
(208676, 61094, 0.0, [151.16046, 84.94169, 36.10018])
1980-1988_NUM
(222239, 61094, 0.0, [151.14977, 84.950066, 36.06848])
1986-1992_NUM
(251510, 61094, 0.0, [151.18394, 84.90649, 36.03518])
2014-2018_NUM
(215866, 61079, 0.0, [151.794, 84.54659, 35.36007])
1990-1993_NUM
(122045, 60924, 0.0, [151.23068, 84.87388, 35.96643])
1980-1990_NUM
(217216, 60924, 0.0, [151.25314, 84.881996, 35.95639])
1997-99_NUM
(257528, 60924, 0.0, [151.16077, 84.82437, 36.009853])
2006-2008_NUM
(60586, 60297, 0.0, [151.80168, 84.57278, 35.26012])
2006-2011_NUM
(90830, 60297, 0.0, [151.7894, 84.58578, 35.27934])
2003-2008_NUM
(125705, 60297, 0.0, [151.78857, 84.58295, 35.28107])
2008-2014_NUM
(173953, 60297, 0.0, [151.79918, 84.57898, 35.27368])
2001-2010_NUM
(206408, 60297, 0.0, [151.8028, 84.59724, 35.28746])
2005-2012_NUM
(206757, 60297, 0.0, [151.80415, 84.57079, 35.27309])
2002-2012_NUM
(226096, 60297, 0.0, [151.79564, 84.5782, 35.27982])
2004-2013_NUM
(268513, 60297, 0.0, [151.8026, 84.571365, 35.275333])
2002-2005_NUM
(88658, 59840, 0.0, [151.40483, 84.901184, 35.67754])
1997-1999_NUM
(83187, 59763, 0.0, [151.38367, 84.66538, 35.68146])
1996-1998_NUM
(87207, 59763, 0.0, [151.44632, 84.75021, 35.67519])
1995-1997_NUM
(89861, 59763, 0.0, [151.40024, 84.72725, 35.70545])
1992-1994_NUM
(94028, 59763, 0.0, [151.30588, 84.80246, 35.82495])
1991-1993_NUM
(103911, 59763, 0.0, [151.31732, 84.682915, 35.74122])
1994-1996_NUM
(104641, 59763, 0.0, [151.2899, 84.74748, 35.80635])
1995-1999_NUM
(106365, 59763, 0.0, [151.2949, 84.68008, 35.93298])
1992-1995_NUM
(107641, 59763, 0.0, [151.17221, 84.75109, 35.92149])
1994-1997_NUM
(117057, 59763, 0.0, [151.3763, 84.791756, 35.7588])
1991-1994_NUM
(120958, 59763, 0.0, [151.25711, 84.854355, 35.93405])
1993-1997_NUM
(122469, 59763, 0.0, [151.43639, 84.77812, 35.69669])
1992-1996_NUM
(124586, 59763, 0.0, [151.28172, 84.79002, 35.85167])
1991-1995_NUM
(124981, 59763, 0.0, [151.26282, 84.76798, 35.84762])
1994-1998_NUM
(126634, 59763, 0.0, [151.33289, 84.81649, 35.81884])
1990-1994_NUM
(132572, 59763, 0.0, [151.26292, 84.838165, 35.907124])
1991-1996_NUM
(152795, 59763, 0.0, [151.26445, 84.85148, 35.94969])
1990-1995_NUM
(153941, 59763, 0.0, [151.3447, 84.814255, 35.82789])
1992-1997_NUM
(164979, 59763, 0.0, [151.39157, 84.76544, 35.76192])
1993-1998_NUM
(165824, 59763, 0.0, [151.27554, 84.83337, 35.90563])
1989-1994_NUM
(192370, 59763, 0.0, [151.41948, 84.75232, 35.74497])
1990-1996_NUM
(210332, 59763, 0.0, [151.39046, 84.791245, 35.77509])
1995-97_NUM
(218572, 59763, 0.0, [151.23563, 84.78783, 35.90007])
1993-1999_NUM
(223440, 59763, 0.0, [151.25607, 84.87139, 35.93907])
1991-1997_NUM
(233724, 59763, 0.0, [151.29492, 84.84842, 35.888805])
1995-2003_NUM
(236458, 59763, 0.0, [151.44836, 84.76426, 35.68531])
1989-1995_NUM
(252913, 59763, 0.0, [151.34149, 84.8199, 35.82779])
1984-1990_NUM
(265844, 59763, 0.0, [151.30893, 84.82436, 35.87371])
1992-2002_NUM
(280044, 59763, 0.0, [151.31198, 84.84404, 35.86134])
1991-1998_NUM
(283914, 59763, 0.0, [151.42136, 84.78442, 35.72417])
2012-14_NUM
(207278, 59023, 0.0, [151.7852, 84.49587, 35.24501])
2008-10_NUM
(214818, 59023, 0.0, [151.74312, 84.41166, 35.23811])
2007-09_NUM
(242030, 59023, 0.0, [151.79918, 84.50001, 35.23441])
2013-15_NUM
(252938, 59023, 0.0, [151.78864, 84.45989, 35.22968])
2001-2007_NUM
(163590, 58673, 1.0, [152.40845, 83.9661, 34.66214])
1988-1991_NUM
(129985, 55852, 0.0, [151.02045, 84.979576, 36.23091])
1987-1990_NUM
(132961, 55852, 0.0, [151.00629, 85.01067, 36.26266])
1989-1992_NUM
(139357, 55852, 0.0, [151.04262, 84.97078, 36.21003])
1989-1993_NUM
(144918, 55852, 0.0, [151.04723, 84.98827, 36.2031])
1985-1989_NUM
(162477, 55852, 0.0, [151.0699, 84.95027, 36.18098])
1986-1991_NUM
(219907, 55852, 0.0, [150.98248, 84.935715, 36.25008])
1970-1980_NUM
(260561, 55852, 0.0, [151.1147, 84.95167, 36.13676])
1985-1991_NUM
(264880, 55852, 0.0, [151.06769, 84.97418, 36.19639])
1990-93_NUM
(282902, 55852, 0.0, [150.955, 84.89131, 36.25318])
1981-1987_NUM
(296570, 55852, 0.0, [151.07233, 84.97438, 36.20636])
1993-1995_NUM
(100138, 55780, 0.0, [151.0903, 84.83684, 36.04474])
1990-1992_NUM
(102626, 55780, 0.0, [150.91435, 84.63428, 36.07705])
1996-98_NUM
(229198, 55780, 0.0, [150.93855, 84.76045, 36.16874])
1988-90_NUM
(248955, 55780, 0.0, [150.9255, 84.8894, 36.27575])
1993-95_NUM
(253659, 55780, 0.0, [151.07674, 84.84835, 36.10094])
1992-95_NUM
(270511, 55780, 0.0, [151.1352, 84.75133, 35.96127])
1992-94_NUM
(291691, 55780, 0.0, [151.0753, 84.861336, 36.11286])
2006-2009_NUM
(57798, 55505, 0.0, [151.55592, 84.12445, 35.21103])
1989-1991_NUM
(103897, 54818, 0.0, [150.94633, 85.012535, 36.33176])
1988-1990_NUM
(119384, 54818, 0.0, [150.95631, 85.0194, 36.32109])
1987-1989_NUM
(122339, 54818, 0.0, [150.94069, 85.03009, 36.35729])
1985-1987_NUM
(122903, 54818, 0.0, [150.8947, 85.05698, 36.40352])
1986-1988_NUM
(132759, 54818, 0.0, [150.89601, 85.04392, 36.40203])
1986-1989_NUM
(133671, 54818, 0.0, [150.96986, 85.007286, 36.31246])
1984-1986_NUM
(134654, 54818, 0.0, [150.89334, 85.052765, 36.40919])
1980-1982_NUM
(136606, 54818, 0.0, [150.81981, 85.10206, 36.53523])
1983-1985_NUM
(139784, 54818, 0.0, [150.81737, 85.09485, 36.53296])
1985-1988_NUM
(144281, 54818, 0.0, [150.85083, 85.08381, 36.49742])
1982-1984_NUM
(144456, 54818, 0.0, [150.90828, 85.04828, 36.398])
1982-1985_NUM
(148379, 54818, 0.0, [150.83229, 85.098724, 36.51144])
1986-1990_NUM
(153599, 54818, 0.0, [150.92393, 85.05598, 36.36875])
1983-1986_NUM
(156434, 54818, 0.0, [150.82928, 85.090775, 36.51893])
1973-1975_NUM
(159763, 54818, 0.0, [151.0557, 85.180534, 36.50194])
1988-1992_NUM
(165757, 54818, 0.0, [150.93471, 85.02035, 36.36292])
1985-1990_NUM
(169149, 54818, 0.0, [150.86505, 85.058395, 36.47369])
1979-1982_NUM
(169426, 54818, 0.0, [150.83499, 85.079, 36.52921])
1984-1987_NUM
(172947, 54818, 0.0, [150.86414, 85.079735, 36.46359])
1981-1985_NUM
(179178, 54818, 0.0, [150.82506, 85.04873, 36.51612])
1984-1988_NUM
(185666, 54818, 0.0, [150.9159, 85.04966, 36.38415])
1978-1981_NUM
(189503, 54818, 0.0, [150.84879, 85.0856, 36.49425])
1982-1986_NUM
(193954, 54818, 0.0, [150.86584, 85.05681, 36.47524])
1977-1981_NUM
(207839, 54818, 0.0, [150.81064, 85.10993, 36.56503])
1980-1985_NUM
(210532, 54818, 0.0, [150.87016, 85.06469, 36.47891])
1985-87_NUM
(212090, 54818, 0.0, [150.87976, 84.97229, 36.3878])
1989-91_NUM
(219263, 54818, 0.0, [150.93202, 84.95653, 36.30726])
1986-88_NUM
(231298, 54818, 0.0, [150.91699, 84.99046, 36.36016])
1983-85_NUM
(233621, 54818, 0.0, [150.81528, 85.01775, 36.49669])
1984-1989_NUM
(234388, 54818, 0.0, [150.983, 85.02179, 36.31175])
1983-1988_NUM
(240681, 54818, 0.0, [150.8335, 85.09391, 36.53505])
1990-92_NUM
(244908, 54818, 0.0, [150.90608, 84.938156, 36.33003])
1984-86_NUM
(247928, 54818, 0.0, [150.8662, 85.040665, 36.45003])
1985-88_NUM
(249290, 54818, 0.0, [150.86679, 84.907196, 36.34365])
1987-1993_NUM
(256841, 54818, 0.0, [150.98816, 85.01042, 36.30865])
1979-1985_NUM
(257316, 54818, 0.0, [150.85356, 85.086876, 36.50608])
1981-1986_NUM
(258812, 54818, 0.0, [150.9139, 85.045784, 36.40254])
1980-1986_NUM
(266391, 54818, 0.0, [150.94974, 85.03197, 36.357353])
1976-1982_NUM
(267475, 54818, 0.0, [150.90721, 84.96875, 36.46613])
1979-1984_NUM
(270045, 54818, 0.0, [150.86691, 85.06885, 36.47239])
1978-1983_NUM
(281365, 54818, 0.0, [150.92671, 85.033554, 36.40481])
1982-1987_NUM
(285832, 54818, 0.0, [150.87794, 85.06198, 36.465015])
1984-87_NUM
(288812, 54818, 0.0, [150.89653, 85.00857, 36.38415])
1982-1988_NUM
(294105, 54818, 0.0, [150.98885, 84.990814, 36.32583])
1992-3_NUM
(290117, 42660, 0.0, [150.74265, 84.56459, 36.26941])
1980-1983_NUM
(159190, 42447, 0.0, [150.7924, 85.09684, 36.58435])
1976-1980_NUM
(172808, 42447, 0.0, [150.77766, 85.13221, 36.61601])
1987-89_NUM
(190399, 42447, 0.0, [150.7865, 85.07855, 36.56053])
1979-81_NUM
(232663, 42447, 0.0, [150.75739, 85.04837, 36.5842])
1981-83_NUM
(234095, 42447, 0.0, [150.796, 85.0951, 36.57423])
1976-1981_NUM
(277247, 42447, 0.0, [150.7978, 85.11127, 36.58684])
1993-1994_NUM
(62112, 41705, 0.0, [150.76222, 84.34396, 36.00348])
1977-1982_NUM
(270628, 41520, 0.0, [150.7777, 85.22358, 36.50492])
1979-1981_NUM
(138148, 40462, 0.0, [150.6993, 85.155464, 36.70519])
1977-1979_NUM
(139924, 40462, 0.0, [150.66824, 85.17203, 36.76476])
1978-1980_NUM
(141497, 40462, 0.0, [150.79333, 85.08962, 36.62767])
1981-1983_NUM
(145305, 40462, 0.0, [150.75273, 85.144, 36.63783])
1974-1976_NUM
(155357, 40462, 0.0, [150.80371, 85.01479, 36.64633])
1975-1977_NUM
(160899, 40462, 0.0, [150.56302, 85.21025, 36.93339])
1979-1983_NUM
(169373, 40462, 0.0, [150.67458, 85.16755, 36.75845])
1976-1978_NUM
(169633, 40462, 0.0, [150.65224, 85.15198, 36.806545])
1981-1984_NUM
(182277, 40462, 0.0, [150.6732, 85.1736, 36.75809])
1980-1984_NUM
(186426, 40462, 0.0, [150.7104, 85.13727, 36.69516])
1976-1979_NUM
(187047, 40462, 0.0, [150.69243, 85.1482, 36.7339])
1972-1975_NUM
(191576, 40462, 0.0, [150.58694, 85.18772, 36.88379])
1974-1977_NUM
(191791, 40462, 0.0, [150.58464, 85.198685, 36.918125])
1978-1982_NUM
(194742, 40462, 0.0, [150.67662, 85.15104, 36.79106])
1975-1978_NUM
(194882, 40462, 0.0, [150.67111, 85.13806, 36.84344])
1977-79_NUM
(227771, 40462, 0.0, [150.62706, 85.15533, 36.80793])
1980-82_NUM
(238901, 40462, 0.0, [150.6402, 85.06615, 36.72352])
1978-80_NUM
(244874, 40462, 0.0, [150.7497, 85.0961, 36.62473])
1976-78_NUM
(255681, 40462, 0.0, [150.68713, 85.11781, 36.72478])
1974-1979_NUM
(259741, 40462, 0.0, [150.6736, 85.18121, 36.7831])
1976-1983_NUM
(275057, 40462, 0.0, [150.59995, 85.196976, 36.90516])
1971-1975_NUM
(285941, 40462, 0.0, [150.70312, 85.19885, 36.74243])
1972-1977_NUM
(296084, 40462, 0.0, [150.61957, 85.19467, 36.86048])
1975-1979_NUM
(187106, 39844, 0.0, [150.5551, 85.26037, 36.9419])
1991-93_NUM
(229738, 39844, 0.0, [150.54521, 85.32907, 36.68927])
Frahm_PROPN
(276378, 27806, 0.0, [150.47958, 85.14854, 36.99602])
1977-1980_NUM
(162059, 27382, 0.0, [150.52328, 85.235374, 37.00244])
1967-1974_NUM
(228817, 27382, 0.0, [150.50795, 85.2404, 37.04797])
1970-1974_NUM
(230667, 27382, 0.0, [150.47519, 85.26732, 37.08055])
1964-66_NUM
(238778, 27382, 0.0, [150.798, 85.225494, 36.99011])
1972-74_NUM
(255761, 27382, 0.0, [150.5215, 85.23068, 36.99887])
1975-1980_NUM
(280188, 27382, 0.0, [150.52342, 85.242905, 37.00998])
1943-44_NUM
(95288, 25566, 0.0, [146.81488, 83.7097, 42.75683])
1942-43_NUM
(93663, 24912, 0.0, [147.17807, 84.07425, 42.46852])
1984-1985_NUM
(72465, 24865, 0.0, [150.1481, 84.62287, 36.90533])
1983-1984_NUM
(81225, 24865, 0.0, [150.21484, 84.66592, 36.8775])
1986-1987_NUM
(81582, 24799, 0.0, [150.2091, 84.335464, 36.56973])
1944-1945_NUM
(99319, 24748, 0.0, [147.49052, 84.4126, 42.2777])
1941-42_NUM
(93978, 24661, 0.0, [147.05379, 83.97619, 42.54534])
1983-1987_NUM
(167696, 24318, 0.0, [150.40495, 85.43006, 36.94006])
1939-40_NUM
(81145, 24261, 0.0, [146.89809, 84.13378, 42.698544])
1940-41_NUM
(95072, 24261, 0.0, [146.88525, 83.98745, 42.64693])
1987-1988_NUM
(76722, 24054, 0.0, [150.1639, 84.55489, 36.80768])
1985-1986_NUM
(77579, 24054, 0.0, [150.19508, 84.47928, 36.71813])
1984-5_NUM
(239460, 24054, 0.0, [150.32011, 84.46893, 36.74616])
1944-45_NUM
(77139, 23478, 0.0, [146.51317, 83.35129, 43.2121])
1942-1943_NUM
(130684, 23155, 0.0, [147.72797, 84.68183, 41.84688])
1943-1944_NUM
(133342, 23155, 0.0, [147.79831, 84.647804, 41.81286])
1939-1940_NUM
(87386, 23054, 0.0, [147.57896, 84.721466, 41.9871])
1940-1941_NUM
(120969, 23054, 0.0, [147.53816, 84.80156, 41.99847])
1980-1981_NUM
(78840, 23049, 0.0, [150.17743, 84.799095, 37.02223])
1978-1979_NUM
(85470, 23049, 0.0, [150.14912, 84.85657, 37.11426])
1982-1983_NUM
(89093, 23049, 0.0, [150.15005, 84.71931, 36.98716])
1941-1942_NUM
(114942, 22959, 0.0, [147.87407, 84.789505, 41.64854])
1972-1974_NUM
(155997, 22817, 0.0, [150.40286, 85.28866, 37.22472])
1970-1973_NUM
(188454, 22817, 0.0, [150.35101, 85.292656, 37.28061])
1971-1974_NUM
(193194, 22817, 0.0, [150.3799, 85.30242, 37.223])
1973-1976_NUM
(199855, 22817, 0.0, [150.4679, 85.265976, 37.1072])
1973-1977_NUM
(222292, 22817, 0.0, [150.41641, 85.288345, 37.18142])
1974-1978_NUM
(233032, 22817, 0.0, [150.4449, 85.295654, 37.12359])
1970-72_NUM
(246254, 22817, 0.0, [150.39804, 85.27543, 37.22101])
1972-1976_NUM
(246740, 22817, 0.0, [150.42822, 85.27435, 37.16407])
1973-75_NUM
(259673, 22817, 0.0, [150.3955, 85.28014, 37.21559])
1969-1974_NUM
(263695, 22817, 0.0, [150.43802, 85.29624, 37.16892])
1971-73_NUM
(273757, 22817, 0.0, [150.43716, 85.32411, 37.11964])
1995-1996_NUM
(54973, 22481, 0.0, [150.24432, 83.92287, 36.19249])
1990-1991_NUM
(57003, 22481, 0.0, [150.2039, 83.93187, 36.20244])
1992-1993_NUM
(59963, 22481, 0.0, [150.28307, 83.9788, 36.16633])
1991-1992_NUM
(62767, 22481, 0.0, [150.2938, 84.1134, 36.25524])
1989-1990_NUM
(66358, 22481, 0.0, [150.24385, 83.98792, 36.1903])
1941-1944_NUM
(153877, 21579, 0.0, [148.12541, 84.94499, 41.40054])
1944/45_NUM
(131705, 21494, 0.0, [146.31622, 83.04522, 43.38332])
1942/43_NUM
(252995, 21494, 0.0, [146.18282, 82.90402, 43.54445])
1939-1945_NUM
(76044, 21256, 0.0, [148.0828, 85.05492, 41.82911])
1942-1945_NUM
(139338, 21225, 0.0, [148.25003, 85.02822, 41.22239])
1940-1945_NUM
(173664, 21225, 0.0, [148.32613, 85.10056, 41.16254])
1943-1945_NUM
(175260, 21225, 0.0, [148.3488, 85.04877, 40.97267])
1942-1944_NUM
(184815, 21225, 0.0, [148.2157, 84.98012, 41.19262])
1941-1943_NUM
(216951, 21225, 0.0, [148.30717, 85.04982, 41.04398])
1942-45_NUM
(238483, 21225, 0.0, [148.3909, 85.09127, 41.01098])
1941-1945_NUM
(111491, 21208, 0.0, [148.18126, 85.01329, 41.43849])
1943-45_NUM
(217409, 21208, 0.0, [148.1437, 84.90907, 41.28429])
1969-1971_NUM
(133128, 20998, 0.0, [150.2014, 85.34762, 37.53535])
1968-1970_NUM
(152148, 20998, 0.0, [150.30551, 85.327614, 37.41039])
1971-1973_NUM
(153453, 20998, 0.0, [150.25726, 85.34695, 37.42219])
1966-1968_NUM
(153746, 20998, 0.0, [150.206, 85.33756, 37.55647])
1967-1970_NUM
(174473, 20998, 0.0, [150.26855, 85.341484, 37.46207])
1969-1972_NUM
(177716, 20998, 0.0, [150.22252, 85.36127, 37.53195])
1965-1968_NUM
(181929, 20998, 0.0, [150.22351, 85.36491, 37.53021])
1970-1972_NUM
(186949, 20998, 0.0, [150.32074, 85.30786, 37.36267])
1966-1969_NUM
(193460, 20998, 0.0, [150.25896, 85.34396, 37.4743])
1968-1972_NUM
(193498, 20998, 0.0, [150.23346, 85.35175, 37.52105])
1975-77_NUM
(194550, 20998, 0.0, [150.19025, 85.41122, 37.28716])
1968-1971_NUM
(201601, 20998, 0.0, [150.27959, 85.32517, 37.40483])
1969-1973_NUM
(219771, 20998, 0.0, [150.3346, 85.319595, 37.32728])
1967-69_NUM
(220634, 20998, 0.0, [150.27464, 85.35534, 37.41693])
1967-1971_NUM
(224598, 20998, 0.0, [150.27, 85.35196, 37.44823])
1965-1969_NUM
(224711, 20998, 0.0, [150.21269, 85.36308, 37.55081])
1966-1970_NUM
(229772, 20998, 0.0, [150.29396, 85.344315, 37.4098])
1964-1968_NUM
(229838, 20998, 0.0, [150.21407, 85.35556, 37.56096])
1970-1975_NUM
(240484, 20998, 0.0, [150.25302, 85.35915, 37.48358])
1974-76_NUM
(247332, 20998, 0.0, [150.19946, 85.41604, 37.41109])
1965-67_NUM
(257950, 20998, 0.0, [150.3258, 85.319725, 37.38896])
1968-70_NUM
(258802, 20998, 0.0, [150.19876, 85.36487, 37.54382])
1960-1964_NUM
(261492, 20998, 0.0, [150.21742, 85.36077, 37.59137])
1967-1972_NUM
(263450, 20998, 0.0, [150.34613, 85.33745, 37.32781])
1962-1966_NUM
(283859, 20998, 0.0, [150.213, 85.349815, 37.56248])
1945-1946_NUM
(123359, 20768, 0.0, [148.67664, 85.20905, 40.40184])
1939-45_NUM
(152335, 20092, 0.0, [148.06363, 85.10825, 41.97152])
1966-1967_NUM
(101245, 19826, 0.0, [149.82428, 85.286156, 38.04495])
1960-1962_NUM
(206939, 19826, 0.0, [149.88148, 85.3816, 38.1666])
1961-1963_NUM
(207978, 19826, 0.0, [149.89896, 85.399826, 38.16214])
1960-1963_NUM
(250553, 19826, 0.0, [149.92604, 85.395386, 38.12474])
1959-1963_NUM
(252329, 19826, 0.0, [149.98782, 85.40208, 38.01747])
1958-1962_NUM
(255536, 19826, 0.0, [149.86462, 85.43362, 38.1984])
1958-1961_NUM
(258836, 19826, 0.0, [149.89917, 85.418724, 38.21493])
1965-1970_NUM
(264707, 19826, 0.0, [149.96118, 85.452545, 37.98635])
1963-1968_NUM
(281296, 19826, 0.0, [149.93465, 85.39873, 38.11403])
1959-1962_NUM
(283471, 19826, 0.0, [149.86142, 85.409325, 38.26926])
1941/42_NUM
(228388, 19701, 0.0, [146.11465, 82.81883, 43.65934])
1940/41_NUM
(236882, 19701, 0.0, [146.01132, 82.69307, 43.7477])
1981-1982_NUM
(85836, 19672, 0.0, [150.13455, 84.64063, 36.91445])
1967-1969_NUM
(158082, 19666, 0.0, [150.16899, 85.36304, 37.64568])
1963-1965_NUM
(183527, 19666, 0.0, [150.14667, 85.33197, 37.62264])
1964-1966_NUM
(197874, 19666, 0.0, [150.14853, 85.34868, 37.71882])
1963-1967_NUM
(253240, 19666, 0.0, [150.18484, 85.3558, 37.64537])
1976-1977_NUM
(101912, 19525, 0.0, [150.07333, 84.90224, 37.24817])
1940-1944_NUM
(250077, 19487, 0.0, [148.43155, 85.12634, 40.84293])
1940-1942_NUM
(279034, 19487, 0.0, [148.45157, 85.161896, 40.7635])
1979-1980_NUM
(76797, 19401, 0.0, [150.12578, 84.72056, 37.00252])
1977-1978_NUM
(97428, 19401, 0.0, [150.13855, 84.847305, 37.11636])
1939/40_NUM
(88433, 19323, 0.0, [145.73486, 82.439354, 44.08647])
1936/37_NUM
(206453, 19323, 0.0, [145.79604, 82.458595, 44.0808])
1935/36_NUM
(216402, 19323, 0.0, [145.77995, 82.40494, 43.97119])
1933/34_NUM
(217064, 19323, 0.0, [145.80222, 82.48822, 44.17812])
1924/25_NUM
(219065, 19323, 0.0, [145.80893, 82.53205, 44.24486])
1926/27_NUM
(223290, 19323, 0.0, [145.81046, 82.52619, 44.22522])
1931/32_NUM
(227215, 19323, 0.0, [145.81035, 82.52563, 44.22593])
1922/23_NUM
(247677, 19323, 0.0, [145.79694, 82.505875, 44.22918])
1921/22_NUM
(253390, 19323, 0.0, [145.80028, 82.55026, 44.26044])
1925/26_NUM
(253543, 19323, 0.0, [145.8088, 82.505035, 44.21517])
1964-1967_NUM
(252092, 19251, 0.0, [150.16162, 85.766174, 37.64824])
1938/39_NUM
(180032, 19164, 0.0, [145.82445, 82.486565, 44.04561])
1929/30_NUM
(188233, 19164, 0.0, [145.82062, 82.521996, 44.21647])
1928/29_NUM
(189114, 19164, 0.0, [145.82202, 82.53007, 44.22142])
1934/35_NUM
(193616, 19164, 0.0, [145.81525, 82.5106, 44.17869])
1927/28_NUM
(202522, 19164, 0.0, [145.84026, 82.54757, 44.24008])
1937/38_NUM
(215651, 19164, 0.0, [145.82428, 82.50714, 44.11759])
1932/33_NUM
(220546, 19164, 0.0, [145.83714, 82.53902, 44.14998])
1930/31_NUM
(230761, 19164, 0.0, [145.84279, 82.54747, 44.18069])
1923/24_NUM
(261580, 19164, 0.0, [145.81648, 82.53511, 44.25169])
1943-1946_NUM
(256672, 19158, 0.0, [148.78015, 85.2435, 40.24641])
1944-1946_NUM
(259813, 19158, 0.0, [148.77412, 85.2564, 40.22643])
1943/44_NUM
(262171, 19100, 0.0, [146.18112, 82.87908, 43.51966])
1975-1976_NUM
(91862, 19053, 0.0, [150.02994, 84.96472, 37.36193])
1974-1975_NUM
(95953, 19053, 0.0, [150.01765, 85.111855, 37.52084])
1971-1972_NUM
(95995, 19053, 0.0, [149.98537, 85.14456, 37.59496])
1972-1973_NUM
(100992, 19053, 0.0, [149.99539, 85.08411, 37.52995])
1946/47_NUM
(164480, 18913, 0.0, [145.80528, 82.397514, 43.798885])
1968-1969_NUM
(101447, 18813, 0.0, [150.04236, 85.26561, 37.66581])
1965-1967_NUM
(152481, 18813, 0.0, [150.07181, 85.32717, 37.86915])
1962-1965_NUM
(189384, 18813, 0.0, [150.13947, 85.38593, 37.70336])
1961-1964_NUM
(258457, 18813, 0.0, [150.08463, 85.374115, 37.83011])
1961-1965_NUM
(271953, 18813, 0.0, [150.03053, 85.38814, 37.92533])
1966-68_NUM
(287591, 18813, 0.0, [150.11453, 85.36101, 37.76603])
1963-1966_NUM
(288259, 18813, 0.0, [150.01956, 85.37024, 37.88924])
1969-1970_NUM
(89623, 18645, 0.0, [149.9668, 85.191376, 37.68412])
1973-1974_NUM
(90743, 18645, 0.0, [149.95047, 85.11872, 37.61896])
1970-1971_NUM
(98922, 18645, 0.0, [149.96788, 85.178604, 37.66277])
1945-1947_NUM
(220011, 17832, 0.0, [148.81247, 85.259605, 40.17514])
1945-1948_NUM
(256453, 17832, 0.0, [148.89575, 85.27139, 40.025215])
1945-1949_NUM
(274654, 17832, 0.0, [148.91608, 85.27308, 40.01332])
1962-1963_NUM
(116675, 17765, 0.0, [149.54094, 85.320244, 38.56005])
1959-1961_NUM
(200148, 17765, 0.0, [149.67722, 85.38382, 38.60254])
1957-1960_NUM
(236250, 17765, 0.0, [149.78487, 85.40104, 38.43414])
1949-1951_NUM
(213125, 17749, 0.0, [149.51591, 85.34676, 38.95204])
1960-1961_NUM
(106390, 17747, 0.0, [149.48126, 85.329475, 38.67783])
1961-1962_NUM
(119429, 17747, 0.0, [149.49986, 85.34357, 38.67379])
1958-1960_NUM
(164138, 17747, 0.0, [149.50186, 85.41436, 38.784065])
1957-1959_NUM
(197018, 17747, 0.0, [149.65886, 85.39591, 38.6335])
1953-1955_NUM
(203381, 17747, 0.0, [149.55124, 85.40151, 38.843765])
1951-1953_NUM
(216945, 17747, 0.0, [149.56747, 85.37465, 38.86252])
1955-1957_NUM
(222884, 17747, 0.0, [149.60976, 85.41009, 38.72976])
1956-1958_NUM
(238184, 17747, 0.0, [149.64275, 85.42638, 38.66378])
1952-1954_NUM
(255863, 17747, 0.0, [149.5512, 85.38689, 38.86378])
1955-1958_NUM
(268091, 17747, 0.0, [149.62437, 85.43337, 38.75698])
1954-1957_NUM
(274407, 17747, 0.0, [149.62093, 85.40458, 38.74628])
1952-1955_NUM
(284180, 17747, 0.0, [149.61533, 85.40336, 38.72187])
1962-1964_NUM
(191183, 17675, 0.0, [149.63977, 85.57133, 38.42998])
1948-1949_NUM
(126410, 17657, 0.0, [149.24136, 85.276855, 39.33294])
1947-1949_NUM
(188885, 17657, 0.0, [149.29846, 85.33123, 39.33287])
1948-1950_NUM
(189266, 17657, 0.0, [149.2435, 85.30626, 39.43791])
1946-1949_NUM
(202990, 17657, 0.0, [149.17299, 85.327576, 39.55034])
1975-1990_NUM
(247398, 17657, 0.0, [149.1763, 85.4196, 39.43159])
1952-1956_NUM
(294709, 17657, 0.0, [149.16676, 85.44505, 39.32092])
1965-1966_NUM
(96341, 17631, 0.0, [149.7605, 85.27407, 38.10543])
1967-1968_NUM
(97389, 17631, 0.0, [149.56657, 85.35504, 38.21528])
1964-1965_NUM
(99306, 17631, 0.0, [149.71704, 85.27749, 38.19157])
1963-1964_NUM
(102707, 17631, 0.0, [149.73018, 85.3123, 38.25551])
1951-1952_NUM
(121041, 17623, 0.0, [149.31609, 85.313385, 38.99814])
1955-1956_NUM
(121099, 17623, 0.0, [149.26924, 85.328186, 39.00057])
1953-1954_NUM
(125304, 17623, 0.0, [149.34967, 85.34374, 38.966873])
1950-1951_NUM
(129126, 17623, 0.0, [149.31233, 85.31753, 38.97837])
1950-1953_NUM
(170732, 17623, 0.0, [149.38762, 85.368546, 39.15675])
1950-1952_NUM
(219928, 17623, 0.0, [149.44919, 85.37906, 39.03072])
1954-1956_NUM
(239746, 17623, 0.0, [149.24586, 85.46068, 39.15148])
1946-1950_NUM
(257212, 17623, 0.0, [149.33542, 85.368, 39.27207])
1947-1950_NUM
(282409, 17623, 0.0, [149.4393, 85.3715, 39.0801])
1948-1951_NUM
(285086, 17623, 0.0, [149.4207, 85.385666, 39.09167])
1949-1952_NUM
(286779, 17623, 0.0, [149.36646, 85.41465, 39.149673])
1953-1956_NUM
(290239, 17623, 0.0, [149.42732, 85.3866, 39.05486])
1949-1953_NUM
(294469, 17623, 0.0, [149.34612, 85.297745, 39.27941])
1947-1948_NUM
(112026, 17613, 0.0, [149.13713, 85.24028, 39.68047])
1946-1948_NUM
(192594, 17613, 0.0, [149.10959, 85.298485, 39.76287])
1945-1950_NUM
(283261, 17613, 0.0, [148.95415, 85.395164, 39.76021])
1945-47_NUM
(285423, 17613, 0.0, [148.95401, 85.28639, 39.93995])
1936-39_NUM
(286849, 17613, 0.0, [148.88492, 85.42962, 39.92223])
1942-1946_NUM
(290389, 17613, 0.0, [149.0092, 85.33416, 39.86456])
1936-1939_NUM
(152474, 17583, 0.0, [148.942, 85.56096, 39.766445])
1913/14_NUM
(218645, 17496, 0.0, [145.8108, 82.54924, 44.28638])
1920/21_NUM
(222099, 17496, 0.0, [145.80995, 82.55395, 44.30508])
1909/10_NUM
(265202, 17496, 0.0, [145.80853, 82.55207, 44.28861])
1907/08_NUM
(274066, 17496, 0.0, [145.80478, 82.54934, 44.27948])
1910/11_NUM
(275686, 17496, 0.0, [145.79198, 82.5531, 44.28854])
1946-1947_NUM
(113823, 17400, 0.0, [149.0443, 85.19484, 39.70028])
1959-1960_NUM
(95074, 17390, 0.0, [149.39944, 85.38234, 38.8507])
1957-1958_NUM
(107619, 17390, 0.0, [149.40791, 85.32465, 38.80727])
1958-1959_NUM
(116625, 17390, 0.0, [149.38828, 85.325584, 38.837])
1956-1957_NUM
(123840, 17390, 0.0, [149.41376, 85.35886, 38.80061])
1954-1955_NUM
(129398, 17390, 0.0, [149.38065, 85.35063, 38.88548])
1952-1953_NUM
(131481, 17390, 0.0, [149.33507, 85.32063, 38.94352])
1949-1950_NUM
(118433, 17341, 0.0, [149.17442, 85.214, 39.17624])
1915/16_NUM
(267336, 17196, 0.0, [145.85017, 82.55866, 44.33093])
1996-1997_NUM
(54971, 16840, 0.0, [150.21463, 83.681244, 36.02096])
1994-1995_NUM
(57563, 16840, 0.0, [150.21013, 83.863785, 36.16539])
1994-96_NUM
(184257, 16840, 0.0, [150.34375, 83.7753, 36.02068])
1988-1989_NUM
(77512, 16801, 0.0, [150.01866, 83.98931, 36.23281])
1914/15_NUM
(83348, 16748, 0.0, [145.62512, 82.56294, 44.43388])
1912/13_NUM
(262244, 16748, 0.0, [145.78746, 82.57901, 44.31738])
1919/20_NUM
(266025, 16748, 0.0, [145.78525, 82.603264, 44.36517])
1947/48_NUM
(159091, 16737, 0.0, [145.61049, 82.124855, 43.86882])
1948/49_NUM
(184032, 16737, 0.0, [145.61299, 82.14249, 43.89629])
1945/46_NUM
(192685, 16737, 0.0, [145.66757, 82.21811, 43.86901])
1949/50_NUM
(157364, 14630, 0.0, [145.38464, 81.77197, 43.8605])
1950/51_NUM
(168194, 14630, 0.0, [145.3347, 81.68776, 43.81302])
1955/56_NUM
(189419, 14003, 0.0, [145.05492, 81.24997, 43.76928])
1953/54_NUM
(169399, 13760, 0.0, [145.15083, 81.40333, 43.79228])
1954/55_NUM
(176098, 13760, 0.0, [145.21376, 81.495575, 43.79915])
1951/52_NUM
(184273, 13760, 0.0, [145.23631, 81.53044, 43.795593])
1952/53_NUM
(202378, 13760, 0.0, [145.1978, 81.48261, 43.82559])
1960/61_NUM
(162200, 11932, 0.0, [145.00676, 81.17056, 43.75686])
1958/59_NUM
(167259, 11932, 0.0, [144.98819, 81.14277, 43.75156])
1959/60_NUM
(170010, 11932, 0.0, [145.00813, 81.17002, 43.74793])
1965/66_NUM
(177720, 11932, 0.0, [144.92607, 81.05941, 43.75745])
1956/57_NUM
(186809, 11932, 0.0, [145.01775, 81.19026, 43.7614])
1957/58_NUM
(197328, 11932, 0.0, [144.99586, 81.16196, 43.76572])
1961/62_NUM
(231819, 11932, 0.0, [144.97748, 81.14479, 43.77674])
1964/65_NUM
(165060, 11357, 0.0, [144.77814, 80.84554, 43.74503])
1963/64_NUM
(181624, 11357, 0.0, [144.79482, 80.87267, 43.746])
1962/63_NUM
(195859, 11357, 0.0, [144.76411, 80.8339, 43.75064])
1997-1998_NUM
(53604, 10679, 0.0, [149.93813, 83.381035, 36.13822])
1998-1999_NUM
(52047, 9901, 0.0, [149.6444, 82.93764, 35.80449])
