Lublin::Voivodeship_PROPN
(15343, 40417, 1.0, [0.00093, 60.818146, 120.94777])
Chełm::County_PROPN
(78835, 40417, 1.0, [0.0011, 60.81865, 120.94703])
Lublin::County_PROPN
(81112, 40417, 0.0, [0.00019, 60.8214, 120.9484])
Biała::Podlaska::County_PROPN
(86821, 40417, 0.0, [0.00056, 60.820015, 120.94737])
Tomaszów::Lubelski::County_PROPN
(89219, 40417, 0.0, [0.0015, 60.819347, 120.947464])
Zamość::County_PROPN
(90564, 40417, 0.0, [0.00223, 60.822395, 120.948105])
Łuków::County_PROPN
(107889, 40417, 0.0, [0.00194, 60.82325, 120.948105])
Lubartów::County_PROPN
(115232, 40417, 0.0, [0.01227, 60.833725, 120.94649])
Biłgoraj::County_PROPN
(115694, 40417, 0.0, [0.00975, 60.828747, 120.94854])
Opole::Lubelskie::County_PROPN
(122304, 40417, 0.0, [0.00092, 60.822933, 120.9483])
Kraśnik::County_PROPN
(126800, 40417, 0.0, [0.00142, 60.82345, 120.94832])
Krasnystaw::County_PROPN
(127640, 40417, 0.0, [0.0018, 60.822914, 120.94821])
Hrubieszów::County_PROPN
(128308, 40417, 0.0, [0.0017, 60.81998, 120.9475])
Puławy::County_PROPN
(130038, 40417, 0.0, [0.00134, 60.82341, 120.94813])
Włodawa::County_PROPN
(149978, 40417, 0.0, [0.00219, 60.819996, 120.94753])
Łęczna::County_PROPN
(168699, 40417, 0.0, [0.00297, 60.8248, 120.94811])
Parczew::County_PROPN
(181634, 40417, 0.0, [0.00164, 60.82364, 120.94809])
Radzyń::Podlaski::County_PROPN
(187150, 40417, 0.0, [0.00058, 60.82313, 120.94808])
Ryki::County_PROPN
(188235, 40417, 0.0, [0.00127, 60.823544, 120.948166])
Janów::Lubelski::County_PROPN
(194885, 40417, 0.0, [0.00166, 60.82351, 120.94812])
Świdnik::County_PROPN
(231536, 40417, 0.0, [0.002, 60.82377, 120.94822])
1:20_NUM
(85202, 3387, 0.0, [176.19586, 81.496826, 130.28209])
3:16_NUM
(96004, 3387, 0.0, [176.29298, 81.53976, 130.49236])
1:25_NUM
(105978, 3387, 0.0, [176.28354, 81.5076, 130.27777])
1:50_NUM
(107870, 3387, 0.0, [176.31398, 81.49426, 130.26355])
1:18_NUM
(112152, 3387, 0.0, [176.29192, 81.52707, 130.29996])
1:24_NUM
(125570, 3387, 0.0, [176.24648, 81.48181, 130.26018])
1:40_NUM
(127568, 3387, 0.0, [176.25815, 81.46697, 130.25084])
1:35_NUM
(132204, 3387, 0.0, [176.1154, 81.44867, 130.23613])
1:14_NUM
(143603, 3387, 0.0, [176.40742, 81.556885, 130.40837])
1:48_NUM
(156380, 3387, 0.0, [176.17096, 81.44766, 130.21527])
1:19_NUM
(159239, 3387, 0.0, [176.40067, 81.53703, 130.39803])
3:25_NUM
(162862, 3387, 0.0, [176.27249, 81.455894, 130.36725])
2:13_NUM
(169223, 3387, 0.0, [176.30373, 81.54434, 130.47377])
4:12_NUM
(183918, 3387, 0.0, [176.3639, 81.55494, 130.48228])
3:12_NUM
(185407, 3387, 0.0, [176.28407, 81.52823, 130.49504])
1:28_NUM
(189624, 3387, 0.0, [176.35257, 81.523415, 130.39119])
4:16_NUM
(189974, 3387, 0.0, [176.36385, 81.56035, 130.48018])
2:22_NUM
(190207, 3387, 0.0, [176.43135, 81.53276, 130.39319])
5:12_NUM
(192923, 3387, 0.0, [176.16411, 81.496254, 130.4934])
2:38_NUM
(195657, 3387, 0.0, [176.26378, 81.47209, 130.41075])
4:17_NUM
(196437, 3387, 0.0, [176.31079, 81.52366, 130.45496])
3:13_NUM
(197416, 3387, 0.0, [176.1791, 81.50112, 130.45499])
3:19_NUM
(202353, 3387, 0.0, [176.36305, 81.55553, 130.48206])
4:13_NUM
(203991, 3387, 0.0, [176.33572, 81.53727, 130.48158])
1:22_NUM
(214085, 3387, 0.0, [176.40457, 81.539986, 130.38655])
5:17_NUM
(214979, 3387, 0.0, [176.16562, 81.51337, 130.4703])
4:18_NUM
(219506, 3387, 0.0, [176.26073, 81.4689, 130.43246])
5:18_NUM
(221095, 3387, 0.0, [176.24014, 81.48752, 130.45996])
5:14_NUM
(223587, 3387, 0.0, [176.32513, 81.53727, 130.47557])
1:29_NUM
(224023, 3387, 0.0, [176.34538, 81.53591, 130.43918])
1:38_NUM
(231057, 3387, 0.0, [176.43005, 81.462494, 130.31447])
2:24_NUM
(233828, 3387, 0.0, [176.43333, 81.54001, 130.43065])
4:24_NUM
(233930, 3387, 0.0, [176.31735, 81.54754, 130.47195])
3:33_NUM
(234312, 3387, 0.0, [176.24164, 81.38135, 130.2728])
4:19_NUM
(243240, 3387, 0.0, [176.31335, 81.49572, 130.42131])
5:11_NUM
(249214, 3387, 0.0, [176.1314, 81.47881, 130.46274])
3:38_NUM
(249718, 3387, 0.0, [176.24773, 81.42272, 130.32515])
6:12_NUM
(252106, 3387, 0.0, [176.276, 81.54258, 130.48894])
6:18_NUM
(255034, 3387, 0.0, [176.2503, 81.50077, 130.45963])
4:23_NUM
(258554, 3387, 0.0, [176.35072, 81.49845, 130.47887])
3:47_NUM
(259604, 3387, 0.0, [176.11272, 81.37036, 130.26204])
4:27_NUM
(262732, 3387, 0.0, [176.2175, 81.44942, 130.35646])
2:44_NUM
(266848, 3387, 0.0, [176.2315, 81.42608, 130.3253])
4:32_NUM
(266918, 3387, 0.0, [176.30608, 81.50351, 130.43422])
1:36_NUM
(267026, 3387, 0.0, [176.39635, 81.42443, 130.23792])
3:36_NUM
(267771, 3387, 0.0, [176.21155, 81.432526, 130.33304])
1:31_NUM
(268953, 3387, 0.0, [176.34889, 81.50525, 130.39772])
4:29_NUM
(270038, 3387, 0.0, [176.28862, 81.479385, 130.41396])
2:46_NUM
(271480, 3387, 0.0, [176.17604, 81.39885, 130.26277])
6:11_NUM
(272991, 3387, 0.0, [176.12247, 81.47585, 130.46501])
5:13_NUM
(274038, 3387, 0.0, [176.33583, 81.55525, 130.48695])
3:48_NUM
(277141, 3387, 0.0, [176.1988, 81.392944, 130.29242])
4:21_NUM
(280658, 3387, 0.0, [176.32896, 81.52, 130.44696])
3:27_NUM
(284327, 3387, 0.0, [176.257, 81.47072, 130.4016])
3:34_NUM
(285549, 3387, 0.0, [176.28502, 81.426544, 130.3298])
4:36_NUM
(286803, 3387, 0.0, [176.24672, 81.50508, 130.44283])
3:52_NUM
(287707, 3387, 0.0, [176.1311, 81.37739, 130.26808])
8:13_NUM
(287882, 3387, 0.0, [176.11797, 81.47922, 130.47638])
2:42_NUM
(289370, 3387, 0.0, [176.32555, 81.42971, 130.35826])
5:26_NUM
(289778, 3387, 0.0, [176.25186, 81.478165, 130.42244])
5:33_NUM
(290406, 3387, 0.0, [176.20541, 81.47931, 130.45673])
5:16_NUM
(291468, 3387, 0.0, [176.3028, 81.549065, 130.49324])
4:11_NUM
(178841, 3380, 0.0, [176.32523, 81.54558, 130.523])
2:05_NUM
(187040, 3357, 0.0, [176.36606, 81.28185, 130.04648])
1:06_NUM
(249140, 3357, 0.0, [176.23802, 81.26394, 130.02989])
2:08_NUM
(270054, 3357, 0.0, [176.20192, 81.27321, 130.05705])
1:03_NUM
(273646, 3357, 0.0, [176.3596, 81.31203, 130.08519])
1:04_NUM
(280203, 3357, 0.0, [176.25005, 81.27134, 130.04933])
1:01_NUM
(289631, 3357, 0.0, [176.19513, 81.31824, 130.11392])
Gal_PROPN
(44068, 3343, 0.0, [176.11337, 81.675285, 130.45561])
1:10_NUM
(73562, 3343, 0.0, [176.3274, 81.596985, 130.30583])
1:12_NUM
(103564, 3343, 0.0, [176.277, 81.56812, 130.27861])
1:16_NUM
(130516, 3343, 0.0, [176.38101, 81.5696, 130.3676])
1:17_NUM
(150291, 3343, 0.0, [176.4271, 81.5727, 130.44283])
1:26_NUM
(166567, 3343, 0.0, [176.40974, 81.59759, 130.49678])
1:13_NUM
(172388, 3343, 0.0, [176.43732, 81.56487, 130.43887])
1:27_NUM
(181017, 3343, 0.0, [176.40446, 81.570274, 130.448])
3:14_NUM
(185904, 3343, 0.0, [176.38695, 81.57542, 130.49362])
1:23_NUM
(194577, 3343, 0.0, [176.4304, 81.581635, 130.44286])
2:17_NUM
(203207, 3343, 0.0, [176.32826, 81.57729, 130.49648])
2:16_NUM
(215837, 3343, 0.0, [176.3943, 81.58246, 130.4934])
2:23_NUM
(238409, 3343, 0.0, [176.39078, 81.593735, 130.48973])
2:19_NUM
(239444, 3343, 0.0, [176.41916, 81.584404, 130.48648])
7:11_NUM
(267958, 3343, 0.0, [176.38011, 81.56564, 130.48111])
2:12_NUM
(154734, 3336, 0.0, [176.34607, 81.582565, 130.5222])
2:14_NUM
(171652, 3336, 0.0, [176.35834, 81.57217, 130.50128])
2:11_NUM
(174358, 3336, 0.0, [176.37602, 81.578575, 130.50569])
3:17_NUM
(204179, 3336, 0.0, [176.36523, 81.60896, 130.5505])
3:18_NUM
(225959, 3336, 0.0, [176.32745, 81.564575, 130.50269])
3:22_NUM
(228372, 3336, 0.0, [176.37283, 81.616615, 130.54927])
3:21_NUM
(236584, 3336, 0.0, [176.37625, 81.621925, 130.55508])
2:18_NUM
(244312, 3336, 0.0, [176.40157, 81.592834, 130.49878])
5:19_NUM
(256952, 3336, 0.0, [176.34602, 81.694084, 130.67076])
3:24_NUM
(278778, 3336, 0.0, [176.40218, 81.718864, 130.64034])
5:22_NUM
(291146, 3336, 0.0, [176.26305, 81.562515, 130.51157])
3:10_NUM
(107609, 3300, 0.0, [175.83867, 81.42408, 130.41682])
2:10_NUM
(107829, 3300, 0.0, [175.78934, 81.37595, 130.36736])
1:43_NUM
(120059, 3300, 0.0, [176.08696, 81.40905, 130.18279])
11:11_NUM
(139030, 3300, 0.0, [175.88159, 81.35696, 130.45717])
3:55_NUM
(184727, 3300, 0.0, [175.81537, 81.336845, 130.24945])
3:58_NUM
(243682, 3300, 0.0, [176.08748, 81.3574, 130.2462])
12:11_NUM
(246994, 3300, 0.0, [175.97632, 81.423584, 130.47194])
3:42_NUM
(248543, 3300, 0.0, [176.10474, 81.365074, 130.25208])
7:12_NUM
(256102, 3300, 0.0, [175.97314, 81.41795, 130.46176])
9:11_NUM
(269563, 3300, 0.0, [175.94545, 81.40702, 130.46439])
8:12_NUM
(273651, 3300, 0.0, [175.90154, 81.422615, 130.47661])
7:14_NUM
(279272, 3300, 0.0, [176.01733, 81.45099, 130.4762])
8:11_NUM
(290854, 3300, 0.0, [176.05322, 81.54131, 130.4797])
7:28_NUM
(293076, 3300, 0.0, [175.8962, 81.391815, 130.43803])
3:02_NUM
(293539, 3300, 0.0, [175.98114, 81.36408, 130.23418])
4:22_NUM
(254328, 3293, 0.0, [175.98016, 81.20586, 130.37521])
1:15_NUM
(76066, 3291, 0.0, [175.579, 81.35699, 130.22948])
2:20_NUM
(100686, 3291, 0.0, [175.6803, 81.30317, 130.33401])
4:10_NUM
(116160, 3291, 0.0, [175.69157, 81.34941, 130.342])
2:25_NUM
(150008, 3291, 0.0, [175.68181, 81.32275, 130.33438])
4:35_NUM
(206701, 3291, 0.0, [175.63953, 81.354645, 130.18446])
10:28_NUM
(232741, 3291, 0.0, [175.48837, 81.23685, 130.45634])
11:26_NUM
(272838, 3291, 0.0, [175.60133, 81.29695, 130.46634])
10:13_NUM
(275530, 3291, 0.0, [175.46506, 81.26068, 130.46178])
11:14_NUM
(285562, 3291, 0.0, [175.5121, 81.28623, 130.46188])
10:17_NUM
(287838, 3291, 0.0, [175.44476, 81.26597, 130.46834])
8:14_NUM
(292769, 3291, 0.0, [175.59537, 81.321686, 130.45721])
2:55_NUM
(183813, 3279, 0.0, [175.48944, 81.283, 130.1326])
1:32_NUM
(154677, 3277, 0.0, [176.0667, 81.34077, 130.12088])
3:07_NUM
(253784, 3277, 0.0, [175.89789, 81.28711, 130.11726])
4:07_NUM
(292393, 3277, 0.0, [175.80634, 81.251366, 130.0789])
0:00_NUM
(218012, 3275, 0.0, [175.6327, 81.146866, 129.93752])
jn_NOUN
(116979, 3270, 0.0, [176.00175, 81.66681, 130.63408])
4:26_NUM
(277619, 3270, 0.0, [176.09961, 81.73889, 130.6523])
3:15_NUM
(79204, 3269, 0.0, [175.10962, 81.19149, 130.25092])
10:12_NUM
(210680, 3269, 0.0, [175.19905, 81.13467, 130.45784])
12:12_NUM
(245697, 3269, 0.0, [175.22612, 81.15023, 130.44914])
8:37_NUM
(248421, 3269, 0.0, [175.1282, 81.19634, 130.34781])
10:14_NUM
(266966, 3269, 0.0, [175.17084, 81.17344, 130.44095])
10:23_NUM
(276777, 3269, 0.0, [175.17891, 81.141335, 130.44304])
11:13_NUM
(287063, 3269, 0.0, [175.23035, 81.15834, 130.45673])
2:15_NUM
(85072, 3252, 0.0, [174.84795, 80.8816, 129.9791])
1:07_NUM
(237171, 3250, 0.0, [176.0478, 81.079414, 129.83511])
4:55_NUM
(220886, 3246, 0.0, [175.17603, 81.22798, 130.03416])
4:15_NUM
(87290, 3245, 0.0, [174.81102, 81.1628, 130.20323])
4:20_NUM
(108198, 3245, 0.0, [175.03703, 81.17573, 130.22581])
5:10_NUM
(128733, 3245, 0.0, [174.96565, 81.174904, 130.2182])
5:20_NUM
(144409, 3245, 0.0, [174.82228, 81.1489, 130.21776])
4:25_NUM
(151808, 3245, 0.0, [175.0827, 81.219246, 130.28293])
10:37_NUM
(287888, 3245, 0.0, [174.92125, 81.09545, 130.42136])
1:45_NUM
(93702, 3243, 0.0, [175.42166, 81.315544, 130.19516])
3:20_NUM
(110884, 3243, 0.0, [175.40121, 81.26497, 130.25067])
10:16_NUM
(287854, 3243, 0.0, [175.40883, 81.25083, 130.45354])
6:20_NUM
(129297, 3241, 0.0, [174.46881, 81.08579, 130.18704])
11:10_NUM
(136949, 3241, 0.0, [174.54124, 80.99765, 130.37007])
7:10_NUM
(140665, 3241, 0.0, [174.6081, 81.08379, 130.24225])
9:10_NUM
(140735, 3241, 0.0, [174.48172, 81.07935, 130.18819])
8:10_NUM
(144086, 3241, 0.0, [174.49582, 81.08694, 130.19228])
6:10_NUM
(152809, 3241, 0.0, [174.55943, 81.08701, 130.20645])
7:25_NUM
(176250, 3241, 0.0, [174.46252, 81.08916, 130.17815])
5:25_NUM
(178837, 3241, 0.0, [174.5569, 81.1003, 130.18324])
9:25_NUM
(190629, 3241, 0.0, [174.4742, 81.092705, 130.17651])
6:25_NUM
(201138, 3241, 0.0, [174.49536, 81.09504, 130.17955])
3:40_NUM
(122428, 3238, 0.0, [175.20087, 81.33594, 129.93518])
2:40_NUM
(149636, 3238, 0.0, [175.18446, 81.24731, 130.07173])
3:35_NUM
(192358, 3238, 0.0, [175.40933, 81.28485, 130.13492])
2:35_NUM
(195798, 3238, 0.0, [175.1897, 81.24444, 130.06993])
4:40_NUM
(149381, 3225, 0.0, [174.64099, 81.17885, 129.94333])
3:50_NUM
(166233, 3225, 0.0, [174.5741, 81.163605, 129.95522])
4:05_NUM
(182746, 3225, 0.0, [174.55113, 81.10917, 129.85406])
6:50_NUM
(192698, 3225, 0.0, [174.47357, 81.15014, 130.01091])
5:55_NUM
(199641, 3225, 0.0, [174.6716, 81.15334, 130.11998])
5:35_NUM
(219031, 3225, 0.0, [174.48405, 81.12598, 130.11696])
8:25_NUM
(220375, 3225, 0.0, [174.44922, 81.10134, 130.16273])
4:50_NUM
(150150, 3223, 0.0, [174.93513, 81.216705, 130.01057])
2:50_NUM
(162010, 3223, 0.0, [174.81552, 81.20919, 129.99976])
16:12_NUM
(295572, 3219, 0.0, [174.76732, 81.25186, 130.51599])
1:05_NUM
(161244, 3216, 0.0, [175.17192, 80.84908, 129.675])
3:05_NUM
(211582, 3205, 0.0, [175.10605, 81.22937, 130.02568])
1:21_NUM
(195742, 2829, 0.0, [176.44516, 81.559364, 130.43735])
1:42_NUM
(216184, 2829, 0.0, [176.51352, 81.4671, 130.25204])
1:34_NUM
(226332, 2829, 0.0, [176.52809, 81.42619, 130.19481])
1:46_NUM
(246702, 2829, 0.0, [176.52739, 81.45854, 130.2524])
2:26_NUM
(255485, 2829, 0.0, [176.45432, 81.41527, 130.23685])
1:11_NUM
(146451, 2819, 0.0, [176.45828, 81.60362, 130.39537])
4:14_NUM
(189830, 2806, 0.0, [176.51015, 81.72533, 130.62206])
3:11_NUM
(217133, 2806, 0.0, [176.44116, 81.64856, 130.58318])
3:23_NUM
(222951, 2806, 0.0, [176.46837, 81.66434, 130.56422])
3:28_NUM
(232521, 2806, 0.0, [176.51515, 81.68852, 130.6393])
1:55_NUM
(170013, 2795, 0.0, [176.5128, 81.36162, 130.11523])
1:54_NUM
(202835, 2795, 0.0, [176.59923, 81.37601, 130.11395])
1:47_NUM
(212551, 2795, 0.0, [176.53131, 81.361, 130.1149])
1:33_NUM
(228000, 2795, 0.0, [176.52133, 81.39341, 130.16434])
1:53_NUM
(236611, 2795, 0.0, [176.5606, 81.37078, 130.11093])
1:49_NUM
(240825, 2795, 0.0, [176.57462, 81.37934, 130.12537])
1:44_NUM
(247180, 2795, 0.0, [176.46645, 81.389465, 130.16473])
1:56_NUM
(249911, 2795, 0.0, [176.57253, 81.36949, 130.08418])
1:37_NUM
(254392, 2795, 0.0, [176.51103, 81.38337, 130.13046])
1:52_NUM
(265309, 2795, 0.0, [176.49539, 81.35381, 130.09718])
1:41_NUM
(270364, 2795, 0.0, [176.43947, 81.37306, 130.15627])
2:02_NUM
(276066, 2795, 0.0, [176.469, 81.32577, 130.04765])
1:09_NUM
(278262, 2795, 0.0, [176.49892, 81.34668, 130.10135])
2:03_NUM
(292971, 2795, 0.0, [176.44598, 81.30984, 130.07237])
2:06_NUM
(293573, 2795, 0.0, [176.52956, 81.36202, 130.08484])
2:01_NUM
(295844, 2795, 0.0, [176.49686, 81.34384, 130.09584])
1:59_NUM
(282378, 2793, 0.0, [176.84035, 81.44185, 129.83987])
2:37_NUM
(263438, 2739, 0.0, [176.68355, 81.14861, 129.969])
1:08_NUM
(261902, 2693, 1.0, [176.87227, 81.714714, 129.71382])
47-year-old_ADJ
(117240, 2443, 0.0, [153.23058, 86.38624, 133.47107])
46-year-old_ADJ
(117485, 2443, 0.0, [153.27628, 86.4408, 133.41237])
55-year-old_ADJ
(119209, 2443, 0.0, [153.16473, 86.378296, 133.48613])
52-year-old_ADJ
(132702, 2443, 0.0, [153.21284, 86.38369, 133.48141])
72-year-old_ADJ
(136672, 2443, 0.0, [153.23582, 86.41254, 133.40573])
53-year-old_ADJ
(137291, 2443, 0.0, [153.21779, 86.382095, 133.47635])
51-year-old_ADJ
(143425, 2443, 0.0, [153.16318, 86.38421, 133.49072])
57-year-old_ADJ
(163209, 2443, 0.0, [153.24591, 86.40567, 133.45764])
64-year-old_ADJ
(165123, 2443, 0.0, [153.19446, 86.36755, 133.49207])
56-year-old_ADJ
(166110, 2443, 0.0, [153.22697, 86.38806, 133.47981])
58-year-old_ADJ
(166981, 2443, 0.0, [153.21632, 86.38828, 133.47963])
74-year-old_ADJ
(167047, 2443, 0.0, [153.15291, 86.3844, 133.45427])
63-year-old_ADJ
(168296, 2443, 0.0, [153.19325, 86.38597, 133.47548])
61-year-old_ADJ
(173633, 2443, 0.0, [153.22913, 86.38781, 133.44252])
71-year-old_ADJ
(173806, 2443, 0.0, [153.21394, 86.40621, 133.43588])
85-year-old_ADJ
(175073, 2443, 0.0, [153.14905, 86.44622, 133.37878])
59-year-old_ADJ
(179796, 2443, 0.0, [153.21092, 86.38536, 133.4657])
69-year-old_ADJ
(182753, 2443, 0.0, [153.2166, 86.38917, 133.4636])
66-year-old_ADJ
(189926, 2443, 0.0, [153.28168, 86.40082, 133.42287])
82-year-old_ADJ
(191969, 2443, 0.0, [153.27808, 86.40209, 133.42328])
84-year-old_ADJ
(192661, 2443, 0.0, [153.27505, 86.40957, 133.40437])
78-year-old_ADJ
(192806, 2443, 0.0, [153.24051, 86.40046, 133.40903])
81-year-old_ADJ
(193469, 2443, 0.0, [153.23773, 86.4049, 133.42465])
67-year-old_ADJ
(193874, 2443, 0.0, [153.24329, 86.402534, 133.43521])
83-year-old_ADJ
(197440, 2443, 0.0, [153.21469, 86.40896, 133.42685])
77-year-old_ADJ
(206832, 2443, 0.0, [153.27083, 86.408264, 133.41086])
79-year-old_ADJ
(217897, 2443, 0.0, [153.18994, 86.39157, 133.43376])
68-year-old_ADJ
(222024, 2443, 0.0, [153.18846, 86.38966, 133.46674])
87-year-old_ADJ
(245147, 2443, 0.0, [153.17677, 86.41724, 133.40541])
86-year-old_ADJ
(245570, 2443, 0.0, [153.27576, 86.40878, 133.40079])
45-year-old_ADJ
(86900, 2421, 0.0, [153.15836, 86.36361, 133.50758])
48-year-old_ADJ
(127441, 2421, 0.0, [153.1519, 86.37227, 133.50136])
62-year-old_ADJ
(135610, 2421, 0.0, [153.16176, 86.374054, 133.49603])
10:10_NUM
(90934, 2177, 0.0, [173.85457, 80.70783, 130.47694])
12:25_NUM
(148546, 2175, 0.0, [174.22948, 80.843666, 130.42722])
10:25_NUM
(157609, 2175, 0.0, [174.14302, 80.78946, 130.47983])
16:15_NUM
(145903, 2167, 0.0, [173.78021, 80.5961, 130.61052])
16:10_NUM
(147969, 2167, 0.0, [173.84366, 80.60556, 130.60118])
16:20_NUM
(167449, 2167, 0.0, [173.92065, 80.76933, 130.60573])
11:25_NUM
(171573, 2167, 0.0, [173.93668, 80.69582, 130.53624])
19:10_NUM
(217705, 2167, 0.0, [173.78932, 80.60504, 130.59166])
17:10_NUM
(227318, 2167, 0.0, [173.9733, 80.68056, 130.56433])
15:40_NUM
(229907, 2167, 0.0, [173.81607, 80.61107, 130.58957])
16:25_NUM
(232994, 2167, 0.0, [173.78485, 80.60744, 130.59062])
15:20_NUM
(242128, 2167, 0.0, [173.78883, 80.61779, 130.56996])
21:20_NUM
(263361, 2167, 0.0, [173.77873, 80.59445, 130.60196])
19:25_NUM
(264968, 2167, 0.0, [173.83684, 80.65049, 130.57576])
14:40_NUM
(284187, 2167, 0.0, [173.8085, 80.64059, 130.56773])
21:25_NUM
(284605, 2167, 0.0, [173.78258, 80.61165, 130.59721])
3:45_NUM
(95788, 2142, 0.0, [174.02669, 81.17745, 129.88377])
5:40_NUM
(150387, 2142, 0.0, [173.89497, 81.094826, 129.98846])
5:50_NUM
(160437, 2142, 0.0, [173.92946, 81.12179, 129.94669])
8:07_NUM
(269781, 2142, 0.0, [174.01913, 81.09262, 130.0289])
University::Medical::Center::Station_PROPN
(296445, 2142, 0.0, [173.8925, 81.13677, 129.8467])
12:10_NUM
(139696, 2139, 0.0, [174.29413, 80.95807, 130.30443])
7:20_NUM
(120049, 2138, 0.0, [174.40395, 81.12862, 130.08554])
9:20_NUM
(125163, 2138, 0.0, [174.22919, 81.042694, 130.15224])
6:40_NUM
(163277, 2138, 0.0, [174.26982, 81.12524, 130.00548])
6:55_NUM
(201404, 2138, 0.0, [174.26752, 81.110695, 130.01314])
6:35_NUM
(202147, 2138, 0.0, [174.31152, 81.1327, 130.03304])
5:05_NUM
(216201, 2138, 0.0, [174.36913, 81.152756, 129.99153])
8:35_NUM
(225669, 2138, 0.0, [174.3853, 81.1121, 130.14018])
6:05_NUM
(238834, 2138, 0.0, [174.33278, 81.15453, 129.97499])
Central::Pointe::Station_PROPN
(163415, 2135, 0.0, [173.82997, 81.139275, 129.81924])
Salt::Lake::Central::Station_PROPN
(269988, 2135, 0.0, [173.84729, 81.14811, 129.81833])
12:40_NUM
(137969, 2132, 0.0, [173.81097, 80.90264, 130.18304])
16:19_NUM
(277349, 2105, 0.0, [174.36836, 81.26734, 130.52556])
7:55_NUM
(215579, 2089, 0.0, [173.95267, 81.40094, 129.7859])
1pm_NUM
(78395, 1938, 0.0, [168.78679, 80.99643, 129.16014])
2pm_ADJ
(105534, 1938, 0.0, [168.79945, 80.981926, 129.15945])
5am_ADJ
(108549, 1938, 0.0, [168.79842, 80.9686, 129.13747])
2am_ADJ
(130930, 1938, 0.0, [168.79929, 80.97109, 129.14935])
11pm_NOUN
(140711, 1938, 0.0, [168.87022, 80.9733, 129.16443])
10pm_NOUN
(152096, 1938, 0.0, [168.78627, 80.97735, 129.14337])
3am_NOUN
(162352, 1938, 0.0, [168.80453, 80.97238, 129.14664])
3am_NUM
(163606, 1938, 0.0, [168.81006, 80.97277, 129.14082])
1pm_NOUN
(205814, 1938, 0.0, [168.8473, 80.97725, 129.15771])
1am_NOUN
(217736, 1938, 0.0, [168.82497, 80.97055, 129.15086])
4am_NOUN
(234748, 1938, 0.0, [168.79991, 80.969955, 129.13965])
4am_ADJ
(251886, 1938, 0.0, [168.79639, 80.97345, 129.15178])
3am_ADJ
(284095, 1938, 0.0, [168.79605, 80.969284, 129.15323])
10am_NUM
(45492, 1922, 0.0, [168.46094, 81.046585, 129.0928])
6pm_ADJ
(49810, 1922, 0.0, [168.629, 80.95991, 129.01964])
3pm_ADJ
(53175, 1922, 0.0, [168.6724, 81.003555, 129.13234])
5pm_ADJ
(58155, 1922, 0.0, [168.77719, 81.002014, 129.159])
6am_NUM
(66756, 1922, 0.0, [168.56143, 81.00536, 129.09746])
7am_NUM
(74624, 1922, 0.0, [168.57071, 81.015144, 129.09288])
4pm_NUM
(75643, 1922, 0.0, [168.4834, 81.037445, 129.08513])
9am_NOUN
(76916, 1922, 0.0, [168.47598, 81.007324, 129.09132])
11am_NUM
(78276, 1922, 0.0, [168.5221, 81.02909, 129.09225])
6am_ADJ
(78588, 1922, 0.0, [168.71669, 80.9704, 129.12376])
early-morning_ADJ
(85032, 1922, 0.0, [168.51398, 80.92565, 128.852])
7pm_ADJ
(86780, 1922, 0.0, [168.77829, 80.98904, 129.16335])
2pm_NUM
(103712, 1922, 0.0, [168.54048, 81.02775, 129.09692])
8am_NOUN
(122643, 1922, 0.0, [168.50984, 81.04075, 129.09572])
4pm_NOUN
(138364, 1922, 0.0, [168.77486, 80.98651, 129.13707])
8am_ADJ
(145985, 1922, 0.0, [168.49702, 81.060646, 129.14124])
11pm_ADJ
(147324, 1922, 0.0, [168.58333, 80.95551, 129.06467])
1am_NUM
(148075, 1922, 0.0, [168.73062, 80.98127, 129.146])
10pm_ADJ
(150187, 1922, 0.0, [168.58672, 80.95721, 129.09229])
4am_NUM
(177894, 1922, 0.0, [168.7638, 80.97647, 129.12535])
6pm_NOUN
(179110, 1922, 0.0, [168.47783, 81.0536, 129.15062])
7am_ADJ
(181641, 1922, 0.0, [168.663, 80.98297, 129.12517])
2am_NUM
(226714, 1922, 0.0, [168.72745, 80.96543, 129.11113])
1pm_ADJ
(249188, 1922, 0.0, [168.76056, 80.99904, 129.08473])
morning_NOUN
(1174, 1920, 0.0, [168.97285, 80.88033, 128.99171])
afternoon_NOUN
(3472, 1920, 0.0, [168.88254, 80.871765, 128.99922])
midday_NOUN
(16909, 1920, 0.0, [168.90358, 80.84963, 129.09021])
overnight_ADV
(34107, 1920, 0.0, [168.94492, 80.87995, 128.86009])
overnight_NOUN
(53029, 1920, 0.0, [168.95291, 80.874176, 129.04442])
mid-morning_NOUN
(72061, 1920, 0.0, [168.99294, 80.85862, 129.11252])
mid-day_NOUN
(91355, 1920, 0.0, [169.09897, 80.87578, 129.12468])
mid-afternoon_ADJ
(194087, 1920, 0.0, [168.9957, 80.88506, 129.13559])
Noon_PROPN
(36367, 1913, 0.0, [169.04768, 80.95846, 129.31058])
10pm_NUM
(41975, 1913, 0.0, [168.95044, 80.97508, 129.22644])
9pm_NOUN
(72527, 1913, 0.0, [168.88655, 80.97003, 129.19579])
11pm_NUM
(77716, 1913, 0.0, [168.82027, 80.97685, 129.17046])
8pm_NUM
(81082, 1913, 0.0, [168.96637, 80.9854, 129.2563])
8pm_ADJ
(85186, 1913, 0.0, [169.04837, 80.97469, 129.2788])
5pm_NOUN
(101978, 1913, 0.0, [169.07887, 80.964645, 129.22379])
9pm_ADJ
(120691, 1913, 0.0, [168.8746, 80.98097, 129.22229])
4pm_ADJ
(149063, 1913, 0.0, [168.78726, 81.0081, 129.17918])
5am_NOUN
(190707, 1913, 0.0, [169.04573, 80.9649, 129.20943])
9pm_NUM
(70953, 1909, 0.0, [169.13242, 80.99744, 129.32445])
6:00_NUM
(15491, 1907, 0.0, [169.51537, 80.93725, 129.32767])
8pm_NOUN
(90389, 1907, 0.0, [169.56627, 80.97204, 129.46278])
overnight_ADJ
(7706, 1899, 0.0, [169.1462, 80.83041, 129.13045])
5:30_NUM
(23121, 1895, 0.0, [170.00964, 80.95123, 129.42711])
midnight_NOUN
(6259, 1886, 0.0, [169.39029, 80.82813, 129.30281])
mid-day_ADJ
(53366, 1886, 0.0, [169.23546, 80.72403, 129.16718])
mid-afternoon_NOUN
(78228, 1886, 0.0, [169.20625, 80.746704, 129.33167])
noon_NOUN
(9133, 1871, 0.0, [169.94437, 80.82997, 129.49571])
:00_NUM
(73375, 1866, 0.0, [169.43785, 81.01386, 129.65445])
et/pt_NOUN
(122705, 1866, 0.0, [169.32277, 81.01672, 129.53871])
Eastern::Time_PROPN
(140380, 1866, 0.0, [169.31274, 80.92883, 129.61235])
-10:00_NUM
(189894, 1866, 0.0, [169.28856, 81.02023, 129.58437])
Uchikalam_PROPN
(223572, 1863, 0.0, [169.6322, 81.21767, 129.8026])
9am_NUM
(66120, 1861, 0.0, [168.28783, 81.07949, 129.0642])
6pm_NUM
(66946, 1861, 0.0, [168.38474, 81.09255, 129.12053])
8am_NUM
(116187, 1861, 0.0, [168.24306, 81.088776, 129.05858])
late-afternoon_ADJ
(235355, 1861, 0.0, [168.24785, 81.04043, 129.05615])
pm_NOUN
(3062, 1860, 1.0, [169.84406, 81.01308, 129.57512])
ET_PROPN
(15414, 1860, 0.0, [169.7869, 81.0421, 129.62589])
8:00_NUM
(15490, 1860, 0.0, [170.07446, 80.94852, 129.60236])
7:00_NUM
(16014, 1860, 0.0, [170.09418, 80.928925, 129.58348])
9:30_NUM
(21455, 1860, 0.0, [170.04004, 80.99038, 129.51465])
Fri_PROPN
(170777, 1860, 0.0, [169.8452, 80.95878, 129.70448])
p.m._ADV
(9216, 1856, 0.0, [170.43964, 81.2685, 129.39436])
7pm_NUM
(52919, 1856, 0.0, [168.61835, 81.03424, 129.18394])
pm_SYM
(145143, 1856, 1.0, [168.64795, 81.11003, 129.38806])
aest_NOUN
(160565, 1856, 0.0, [168.6186, 81.00664, 129.21663])
-9:00_NUM
(192507, 1856, 0.0, [168.51604, 81.12328, 129.40668])
10am_NOUN
(230012, 1856, 0.0, [168.52316, 81.06743, 129.21996])
12pm_NOUN
(258833, 1856, 0.0, [168.55771, 81.03205, 129.1878])
ET/PT_PROPN
(228835, 1855, 0.0, [168.78682, 81.0059, 129.51604])
PM_PROPN
(13987, 1842, 0.0, [171.0036, 81.198715, 129.22028])
a.m._ADV
(11452, 1840, 0.0, [170.89737, 80.96392, 129.69875])
7:30_NUM
(20616, 1840, 0.0, [170.83208, 81.00044, 129.66302])
10:00_NUM
(12638, 1839, 0.0, [170.65875, 80.92608, 129.65094])
9:00_NUM
(13586, 1839, 0.0, [170.44974, 80.930565, 129.6353])
6:30_NUM
(22258, 1839, 0.0, [170.7347, 80.96079, 129.57625])
4:00_NUM
(22290, 1839, 0.0, [170.5691, 80.93444, 129.57266])
1:00_NUM
(24907, 1839, 0.0, [170.70145, 80.94754, 129.62477])
EST_PROPN
(49475, 1839, 0.0, [170.4632, 81.14857, 129.5854])
EST._PROPN
(55720, 1839, 0.0, [170.66934, 80.95138, 129.78691])
p.m_ADV
(62591, 1839, 0.0, [170.46738, 80.951035, 129.6289])
P.M._PROPN
(88015, 1839, 0.0, [170.74948, 80.95445, 129.6426])
12pm_NUM
(115733, 1835, 0.0, [168.11647, 81.12578, 129.10527])
5pm_NUM
(122680, 1835, 0.0, [168.01918, 81.137505, 129.03043])
Weekdays_PROPN
(290207, 1835, 0.0, [167.80803, 81.19088, 129.15063])
p.m._NOUN
(5566, 1830, 0.0, [170.15112, 80.94804, 129.57202])
a.m._NOUN
(7389, 1830, 0.0, [170.31543, 80.92535, 129.56781])
5:00_NUM
(19020, 1830, 0.0, [170.14801, 80.92452, 129.51955])
8:30_NUM
(19993, 1830, 0.0, [170.43437, 80.93893, 129.65451])
a.m_ADV
(77890, 1830, 0.0, [170.44484, 80.947525, 129.5813])
Midday_PROPN
(57962, 1826, 0.0, [168.19781, 80.76991, 129.10878])
reveille_NOUN
(204677, 1819, 0.0, [169.04807, 80.68178, 129.66081])
pre-dawn_ADJ
(78137, 1818, 0.0, [168.61116, 80.75945, 129.38017])
PST_PROPN
(65316, 1814, 0.0, [170.79942, 80.90104, 129.94109])
mst_NOUN
(74427, 1814, 0.0, [171.01123, 80.90625, 130.12643])
11:00_NUM
(17420, 1812, 0.0, [170.65549, 80.879616, 129.66243])
o'clock_ADV
(15121, 1808, 0.0, [170.39915, 80.77241, 129.68481])
overnight_VERB
(252897, 1808, 0.0, [170.19609, 80.5808, 129.73079])
nightly_ADJ
(15369, 1800, 0.0, [168.05167, 80.96776, 128.61646])
2:00_NUM
(22341, 1800, 0.0, [171.21284, 80.965935, 129.6568])
3:00_NUM
(23923, 1800, 0.0, [171.12662, 80.96206, 129.63239])
pst_NOUN
(47795, 1799, 0.0, [170.76433, 80.91221, 129.85922])
evening_NOUN
(2082, 1797, 0.0, [168.38017, 80.93119, 128.72215])
11am_NOUN
(194074, 1797, 0.0, [168.33386, 81.15639, 128.79327])
nightly_ADV
(288085, 1797, 0.0, [168.18222, 81.00394, 128.53224])
CST_PROPN
(37110, 1791, 0.0, [171.07834, 81.13967, 130.23836])
6-10am_ADJ
(280477, 1787, 0.0, [167.73279, 81.13164, 129.14076])
7PM_PROPN
(166135, 1785, 0.0, [167.70601, 81.4969, 129.11598])
12:05_NUM
(144162, 1782, 0.0, [172.42273, 80.96577, 129.91296])
gmt_NOUN
(33520, 1774, 0.0, [171.07094, 80.58699, 130.10966])
CDT_PROPN
(51307, 1774, 0.0, [170.9181, 80.81889, 130.03444])
IST_PROPN
(57445, 1774, 0.0, [171.04274, 80.81679, 130.0187])
PDT_PROPN
(59955, 1774, 0.0, [170.87244, 80.83215, 130.04239])
cdt_NOUN
(129085, 1774, 0.0, [170.92453, 80.70875, 130.15811])
11:59_NUM
(126385, 1773, 0.0, [172.18912, 81.09763, 129.78043])
9am_ADJ
(188105, 1773, 0.0, [168.31102, 81.11203, 129.21143])
12am_NUM
(249354, 1773, 0.0, [168.4409, 81.07891, 129.19156])
6am_SYM
(267634, 1773, 0.0, [168.16023, 81.13111, 129.246])
Kalasanthi_PROPN
(198556, 1771, 0.0, [169.55606, 81.33995, 129.91321])
sayarakshai_X
(236490, 1771, 0.0, [169.68298, 81.49103, 129.99016])
daybreak_NOUN
(35443, 1768, 0.0, [169.28905, 80.52971, 129.60452])
4:30_NUM
(28494, 1767, 0.0, [171.86987, 80.99399, 129.76018])
12:30_NUM
(29470, 1767, 0.0, [171.98134, 80.9583, 129.82326])
12:45_NUM
(82880, 1767, 0.0, [172.03568, 80.952705, 129.82474])
MDT_PROPN
(127705, 1766, 0.0, [170.66313, 80.70636, 130.12547])
6:45_NUM
(81985, 1764, 0.0, [171.67487, 80.970985, 129.74625])
day-time_ADJ
(119617, 1764, 0.0, [167.53062, 80.92255, 128.56628])
late-evening_ADJ
(219126, 1764, 0.0, [167.66673, 81.00317, 128.74052])
10:30_NUM
(22213, 1762, 0.0, [172.10947, 80.957306, 129.83292])
11:30_NUM
(26954, 1762, 0.0, [172.04189, 80.94434, 129.8475])
night_NOUN
(510, 1752, 0.0, [167.91148, 80.94894, 128.44919])
MST_PROPN
(61426, 1752, 0.0, [170.73859, 80.898155, 130.17554])
DST_PROPN
(39216, 1751, 0.0, [170.03113, 80.63538, 130.09418])
11:15_NUM
(65710, 1751, 0.0, [172.7578, 80.87628, 130.05273])
jst_NOUN
(100939, 1751, 0.0, [172.45186, 80.67105, 130.39577])
11:05_NUM
(166574, 1751, 0.0, [172.53783, 80.79293, 130.07603])
20:40_NUM
(223408, 1751, 0.0, [172.47168, 80.572975, 130.45453])
15:30_NUM
(67394, 1749, 0.0, [172.2406, 80.3764, 130.49417])
13:30_NUM
(69537, 1749, 0.0, [172.18213, 80.37457, 130.48901])
cst_NOUN
(75859, 1749, 0.0, [171.1387, 80.833374, 130.11848])
BST_PROPN
(96130, 1749, 0.0, [171.44145, 80.609314, 130.16383])
17:45_NUM
(126942, 1749, 0.0, [172.12125, 80.37759, 130.48927])
20:45_NUM
(181271, 1749, 0.0, [172.33101, 80.54657, 130.4261])
09:45_NUM
(246614, 1749, 0.0, [172.16975, 80.366066, 130.49124])
09:40_NUM
(255992, 1749, 0.0, [172.26543, 80.41862, 130.47058])
13:40_NUM
(256670, 1749, 0.0, [172.11263, 80.36008, 130.46948])
17:50_NUM
(272003, 1749, 0.0, [172.43115, 80.47978, 130.46495])
16:50_NUM
(285745, 1749, 0.0, [172.24997, 80.39419, 130.47372])
bst_NOUN
(82718, 1748, 0.0, [171.93655, 80.59574, 130.2583])
timezone_NOUN
(135681, 1744, 0.0, [169.72226, 80.59915, 130.04774])
Monday-Thursday_PROPN
(249653, 1740, 0.0, [167.94835, 81.2124, 129.17729])
utc_NOUN
(24152, 1739, 0.0, [171.4287, 80.57346, 130.24498])
18:45_NUM
(185067, 1739, 0.0, [172.27211, 80.56062, 130.1423])
10:45_NUM
(79224, 1738, 0.0, [172.72041, 80.91561, 130.0008])
11:35_NUM
(115253, 1738, 0.0, [172.757, 80.97639, 129.94868])
12:35_NUM
(160056, 1738, 0.0, [172.53764, 80.9562, 129.9564])
Eastern::Standard::Time_PROPN
(113037, 1735, 0.0, [170.38234, 80.72664, 130.02211])
Central::Standard::Time_PROPN
(204860, 1735, 0.0, [170.197, 80.68924, 130.06882])
Standard::Time_PROPN
(286050, 1735, 0.0, [170.15648, 80.69526, 130.0348])
11:50_NUM
(145819, 1733, 0.0, [173.04822, 80.88114, 130.1032])
12:50_NUM
(182333, 1733, 0.0, [172.9271, 80.82594, 130.15005])
10:55_NUM
(182965, 1733, 0.0, [172.89714, 80.81043, 130.14857])
11:55_NUM
(198713, 1733, 0.0, [173.09862, 80.88043, 130.10532])
eest_NOUN
(129378, 1731, 0.0, [170.75136, 80.591286, 130.36295])
EDT_PROPN
(27576, 1730, 0.0, [171.53337, 80.85026, 129.98401])
10:20_NUM
(102974, 1723, 0.0, [173.08247, 80.7929, 130.21693])
10:50_NUM
(136982, 1723, 0.0, [172.91145, 80.79369, 130.17628])
2:30_NUM
(31387, 1720, 0.0, [172.53503, 81.08527, 129.73074])
9:15_NUM
(82028, 1720, 0.0, [172.44737, 81.03853, 129.79512])
8:45_NUM
(88136, 1720, 0.0, [172.65416, 81.066635, 129.8129])
12:01_NUM
(112982, 1720, 0.0, [172.51588, 81.115234, 129.8225])
forenoon_NOUN
(189998, 1714, 0.0, [170.69206, 80.449104, 130.11896])
thru_ADP
(27426, 1712, 0.0, [167.77641, 81.518486, 129.42809])
19:00_NUM
(32662, 1712, 0.0, [171.87363, 80.31399, 130.4905])
16:00_NUM
(33379, 1712, 0.0, [172.0028, 80.35145, 130.46664])
14:00_NUM
(33614, 1712, 0.0, [172.00517, 80.341286, 130.48515])
20:00_NUM
(36496, 1712, 0.0, [172.03873, 80.355385, 130.49373])
17:00_NUM
(39500, 1712, 0.0, [171.86577, 80.3104, 130.48701])
15:00_NUM
(40433, 1712, 0.0, [171.86136, 80.32816, 130.46022])
13:00_NUM
(42566, 1712, 0.0, [171.9546, 80.342354, 130.47032])
09:00_NUM
(43039, 1712, 0.0, [171.93304, 80.33579, 130.46509])
23:00_NUM
(52499, 1712, 0.0, [171.82834, 80.30763, 130.49251])
14:30_NUM
(62084, 1712, 0.0, [172.05179, 80.343254, 130.49716])
16:30_NUM
(69910, 1712, 0.0, [172.01865, 80.333755, 130.49704])
cet_NOUN
(70310, 1712, 0.0, [171.97685, 80.42609, 130.43446])
09:30_NUM
(77163, 1712, 0.0, [172.06898, 80.3469, 130.48485])
20:30_NUM
(82217, 1712, 0.0, [171.94852, 80.33346, 130.49245])
21:55_NUM
(103703, 1712, 0.0, [172.51784, 80.744545, 130.55008])
msk_NOUN
(159213, 1712, 0.0, [171.93623, 80.384, 130.44473])
18:40_NUM
(195374, 1712, 0.0, [172.56026, 80.4773, 130.46432])
21:45_NUM
(210613, 1712, 0.0, [172.53316, 80.54192, 130.47556])
09:15_NUM
(217668, 1712, 0.0, [172.05563, 80.35419, 130.48007])
16:40_NUM
(223351, 1712, 0.0, [172.46983, 80.432144, 130.48877])
15:50_NUM
(255234, 1712, 0.0, [172.49155, 80.46312, 130.45633])
17:40_NUM
(256700, 1712, 0.0, [172.64899, 80.51729, 130.47975])
22:45_NUM
(257268, 1712, 0.0, [171.81189, 80.27097, 130.4961])
08:45_NUM
(266004, 1712, 0.0, [171.8588, 80.335976, 130.45363])
18:50_NUM
(272538, 1712, 0.0, [172.66875, 80.491295, 130.47769])
14:50_NUM
(275584, 1712, 0.0, [172.64963, 80.5289, 130.42882])
19:50_NUM
(277798, 1712, 0.0, [172.50223, 80.49353, 130.47])
19:55_NUM
(279430, 1712, 0.0, [172.47527, 80.55748, 130.45966])
18:35_NUM
(282262, 1712, 0.0, [172.67307, 80.48572, 130.48299])
09:20_NUM
(292520, 1712, 0.0, [172.08379, 80.37717, 130.44951])
18:30_NUM
(61784, 1709, 0.0, [172.2308, 80.36791, 130.50029])
10:15_NUM
(68769, 1709, 0.0, [173.10284, 80.94521, 130.02342])
7:15_NUM
(77928, 1709, 0.0, [173.05002, 81.02402, 129.91426])
6:15_NUM
(82971, 1709, 0.0, [173.09692, 81.061386, 129.88422])
22:30_NUM
(88833, 1709, 0.0, [172.23695, 80.364586, 130.51729])
9:45_NUM
(89481, 1709, 0.0, [172.91199, 80.97642, 129.95045])
11:45_NUM
(90837, 1709, 0.0, [172.8546, 80.897095, 130.0405])
23:30_NUM
(115648, 1709, 0.0, [172.1403, 80.35457, 130.51878])
9:40_NUM
(150306, 1709, 0.0, [172.99133, 80.90037, 130.0592])
9:50_NUM
(191566, 1709, 0.0, [172.96436, 80.90099, 130.06303])
8:05_NUM
(199233, 1709, 0.0, [173.09079, 81.07331, 129.84538])
16:45_NUM
(215188, 1709, 0.0, [172.42137, 80.35141, 130.58836])
7:05_NUM
(218372, 1709, 0.0, [172.88368, 80.96977, 129.99739])
Weekday_PROPN
(110908, 1702, 0.0, [167.4444, 81.15391, 129.03209])
weekday_ADJ
(137459, 1702, 0.0, [167.27, 81.17196, 128.90833])
Mon-Fri_PROPN
(292222, 1702, 0.0, [167.38647, 81.205086, 129.03165])
13:45_NUM
(197334, 1692, 0.0, [172.88516, 80.52777, 130.47115])
3:30_NUM
(34008, 1691, 0.0, [172.99135, 81.099236, 129.77812])
8:15_NUM
(73420, 1691, 0.0, [172.8223, 81.13818, 129.74387])
18th-19th_ADJ
(215376, 1691, 0.0, [161.46086, 77.12302, 114.76922])
12:00_NUM
(19481, 1690, 0.0, [171.16081, 80.5017, 130.17458])
CET_PROPN
(37598, 1690, 0.0, [171.32544, 80.5298, 130.3384])
GMT_PROPN
(39327, 1690, 0.0, [171.2789, 80.48955, 130.28761])
cest_NOUN
(65431, 1690, 0.0, [171.39392, 80.430374, 130.40512])
12:15_NUM
(78193, 1689, 0.0, [173.17162, 80.895485, 130.10634])
10:40_NUM
(113301, 1689, 0.0, [173.20448, 80.86649, 130.14433])
11:40_NUM
(114869, 1689, 0.0, [173.29091, 80.85561, 130.16058])
12:55_NUM
(182997, 1689, 0.0, [173.12637, 80.86615, 130.13318])
:30_NUM
(83633, 1688, 0.0, [168.77994, 81.02908, 130.04967])
UTC_PROPN
(8189, 1687, 0.0, [170.76537, 80.350105, 130.22177])
eet_NOUN
(68395, 1687, 0.0, [170.52448, 80.35923, 130.45673])
MSK_PROPN
(179527, 1687, 0.0, [170.50417, 80.49435, 130.44333])
EET_PROPN
(242265, 1687, 0.0, [170.7181, 80.53144, 130.35077])
19:45_NUM
(156282, 1681, 0.0, [172.54698, 80.45615, 130.51456])
05:15_NUM
(291374, 1680, 0.0, [172.09416, 80.6497, 130.51433])
18:00_NUM
(30326, 1676, 0.0, [171.71484, 80.33971, 130.42566])
04:00_NUM
(68689, 1676, 0.0, [171.514, 80.23896, 130.44829])
03:30_NUM
(133786, 1676, 0.0, [171.55733, 80.2472, 130.48573])
00:30_NUM
(166546, 1676, 0.0, [171.7248, 80.27543, 130.49167])
06:15_NUM
(221137, 1676, 0.0, [171.61424, 80.2809, 130.4684])
07:45_NUM
(226121, 1676, 0.0, [171.6941, 80.26348, 130.48857])
hkt_NOUN
(265446, 1676, 0.0, [171.71472, 80.37764, 130.40016])
predawn_ADJ
(192464, 1674, 0.0, [168.31857, 80.842354, 129.61108])
10:35_NUM
(130593, 1672, 0.0, [173.38191, 80.78991, 130.24355])
10:05_NUM
(171949, 1672, 0.0, [173.41422, 80.84853, 130.23613])
22:00_NUM
(43818, 1657, 0.0, [172.00052, 80.32725, 130.50899])
19:30_NUM
(55270, 1657, 0.0, [172.07184, 80.33226, 130.50887])
17:30_NUM
(68941, 1657, 0.0, [172.02211, 80.32446, 130.50221])
21:30_NUM
(83773, 1657, 0.0, [172.04736, 80.33326, 130.51491])
24:00_NUM
(209738, 1657, 0.0, [171.84576, 80.34945, 130.51138])
1:30_NUM
(32387, 1656, 0.0, [173.24142, 81.10226, 129.83313])
7:45_NUM
(75853, 1656, 0.0, [173.11192, 81.083336, 129.88492])
5:15_NUM
(78185, 1656, 0.0, [173.28156, 81.07583, 129.88608])
5:45_NUM
(88715, 1656, 0.0, [173.23407, 81.07283, 129.86508])
8:50_NUM
(159791, 1656, 0.0, [173.39365, 81.07955, 129.9274])
8:55_NUM
(230545, 1656, 0.0, [173.2679, 81.0295, 129.96678])
9:05_NUM
(251526, 1656, 0.0, [173.17468, 80.932785, 130.05885])
00:00_NUM
(56185, 1641, 0.0, [171.10567, 80.10864, 130.3622])
JST_PROPN
(154138, 1641, 0.0, [173.21152, 80.97636, 130.22012])
7th-8th_ADJ
(234775, 1639, 0.0, [162.45044, 75.96947, 113.6882])
h-hour_NOUN
(285046, 1639, 0.0, [171.30768, 80.30661, 130.49985])
Nighter_PROPN
(257915, 1636, 0.0, [166.93866, 81.28113, 128.86896])
0730_NUM
(283699, 1631, 0.0, [171.30946, 80.16402, 130.47804])
06:00_NUM
(39037, 1629, 0.0, [171.44809, 80.22348, 130.41295])
21:00_NUM
(42063, 1629, 0.0, [171.70276, 80.173935, 130.44824])
08:00_NUM
(48343, 1629, 0.0, [171.53458, 80.22696, 130.43532])
05:00_NUM
(64810, 1629, 0.0, [171.45264, 80.21522, 130.44702])
03:00_NUM
(67355, 1629, 0.0, [171.51154, 80.19552, 130.47392])
02:00_NUM
(68628, 1629, 0.0, [171.54124, 80.22218, 130.46667])
01:00_NUM
(77059, 1629, 0.0, [171.58292, 80.227264, 130.47385])
05:30_NUM
(98522, 1629, 0.0, [171.51677, 80.20785, 130.48085])
04:45_NUM
(276535, 1629, 0.0, [171.60141, 80.21043, 130.49588])
11:20_NUM
(110686, 1620, 0.0, [173.75575, 80.71395, 130.4492])
12:20_NUM
(129458, 1620, 0.0, [173.74461, 80.85817, 130.24728])
07:00_NUM
(55304, 1618, 0.0, [171.75182, 80.267006, 130.55598])
08:30_NUM
(88602, 1618, 0.0, [171.71657, 80.23524, 130.50458])
06:30_NUM
(97137, 1618, 0.0, [171.62721, 80.238625, 130.54036])
04:30_NUM
(115404, 1618, 0.0, [171.54216, 80.233315, 130.49905])
08:15_NUM
(219695, 1618, 0.0, [171.6929, 80.25071, 130.51273])
06:45_NUM
(241758, 1618, 0.0, [171.67343, 80.25388, 130.50551])
07:15_NUM
(257453, 1618, 0.0, [171.76472, 80.291466, 130.51875])
Monday-Friday_PROPN
(76548, 1609, 0.0, [166.46088, 81.38249, 128.79338])
17:15_NUM
(156406, 1609, 0.0, [173.38176, 80.52365, 130.5679])
15:45_NUM
(186783, 1609, 0.0, [173.14175, 80.50795, 130.55383])
23:15_NUM
(274326, 1609, 0.0, [173.27194, 80.5326, 130.5553])
18:25_NUM
(276918, 1609, 0.0, [173.3156, 80.53772, 130.55571])
4:45_NUM
(86423, 1599, 0.0, [173.44688, 81.10814, 129.86554])
8:20_NUM
(119999, 1599, 0.0, [173.69281, 81.08399, 129.973])
7:40_NUM
(132884, 1599, 0.0, [173.68243, 81.104836, 129.96721])
8:40_NUM
(147867, 1599, 0.0, [173.7048, 81.091576, 129.94826])
7:50_NUM
(148809, 1599, 0.0, [173.55882, 81.13117, 129.8885])
9:35_NUM
(224618, 1599, 0.0, [173.73245, 80.934006, 129.95132])
9:55_NUM
(274871, 1599, 0.0, [173.67303, 80.98653, 130.16446])
9:37_NUM
(285841, 1599, 0.0, [173.47256, 81.007095, 130.04694])
4th-5th_ADJ
(278316, 1597, 0.0, [162.44284, 76.19641, 113.887245])
14:15_NUM
(171522, 1591, 0.0, [173.67297, 80.594826, 130.56677])
15:15_NUM
(173017, 1591, 0.0, [173.54893, 80.60228, 130.52242])
13:15_NUM
(181921, 1591, 0.0, [173.71669, 80.59064, 130.57779])
18:15_NUM
(184148, 1591, 0.0, [173.72359, 80.596924, 130.58199])
17:20_NUM
(188947, 1591, 0.0, [173.71472, 80.5991, 130.57115])
20:20_NUM
(189409, 1591, 0.0, [173.72224, 80.57075, 130.60521])
19:20_NUM
(189839, 1591, 0.0, [173.69469, 80.58615, 130.59111])
14:45_NUM
(198448, 1591, 0.0, [173.58232, 80.57227, 130.56827])
21:15_NUM
(200146, 1591, 0.0, [173.65604, 80.57549, 130.58357])
18:10_NUM
(202171, 1591, 0.0, [173.71637, 80.60856, 130.56366])
18:20_NUM
(211500, 1591, 0.0, [173.62807, 80.580376, 130.5753])
22:15_NUM
(213312, 1591, 0.0, [173.45703, 80.59664, 130.51857])
13:10_NUM
(231508, 1591, 0.0, [173.75029, 80.623535, 130.5618])
14:20_NUM
(236604, 1591, 0.0, [173.69948, 80.59114, 130.57303])
21:10_NUM
(243407, 1591, 0.0, [173.71657, 80.56456, 130.6108])
14:10_NUM
(244288, 1591, 0.0, [173.73659, 80.602036, 130.57045])
13:20_NUM
(254884, 1591, 0.0, [173.72816, 80.59894, 130.57193])
20:25_NUM
(281341, 1591, 0.0, [173.77133, 80.60291, 130.59485])
15:10_NUM
(285898, 1591, 0.0, [173.69406, 80.58492, 130.57959])
daytime_ADJ
(7113, 1582, 0.0, [167.03394, 80.86364, 128.39789])
nighttime_ADJ
(17377, 1582, 0.0, [166.96991, 80.67395, 128.23131])
saturday-night_ADJ
(283141, 1582, 0.0, [167.14543, 81.03988, 128.099])
19:15_NUM
(161131, 1581, 0.0, [173.6177, 80.55667, 130.5918])
20:15_NUM
(163460, 1581, 0.0, [173.67393, 80.509026, 130.65791])
20:10_NUM
(228149, 1581, 0.0, [173.7318, 80.55931, 130.61804])
6th-7th_ADJ
(242515, 1580, 0.0, [162.43466, 76.24723, 113.94719])
9th-10th_ADJ
(255036, 1580, 0.0, [162.45671, 76.3414, 114.02697])
0900_NUM
(85937, 1572, 0.0, [171.19183, 80.034645, 130.52031])
0800_NUM
(87402, 1572, 0.0, [171.2837, 80.038895, 130.54285])
0300_NUM
(117449, 1572, 0.0, [171.178, 79.97981, 130.52689])
0100_NUM
(146057, 1572, 0.0, [171.36417, 80.05297, 130.54126])
0500_NUM
(167626, 1572, 0.0, [171.33043, 80.04, 130.54807])
0200_NUM
(170326, 1572, 0.0, [171.38145, 80.06631, 130.53218])
0400_NUM
(170971, 1572, 0.0, [171.39989, 80.12015, 130.51094])
0830_NUM
(217323, 1572, 0.0, [171.40067, 80.075134, 130.51083])
0630_NUM
(247328, 1572, 0.0, [171.40616, 80.069824, 130.53265])
0930_NUM
(268157, 1572, 0.0, [171.4241, 80.04495, 130.5576])
weekday_NOUN
(5934, 1563, 0.0, [166.41798, 81.30892, 128.6921])
07:30_NUM
(98360, 1561, 0.0, [171.52745, 80.13608, 130.59067])
0700_NUM
(136537, 1561, 0.0, [171.47975, 80.04421, 130.56444])
02:30_NUM
(150709, 1561, 0.0, [171.49516, 80.17309, 130.52216])
11th-12th_ADJ
(213410, 1548, 0.0, [162.42848, 76.55176, 114.23643])
2:45_NUM
(92920, 1547, 0.0, [173.56746, 81.2318, 129.75511])
7:35_NUM
(185292, 1547, 0.0, [173.72778, 81.3051, 129.78146])
5th-6th_ADJ
(192091, 1531, 0.0, [162.4745, 76.137436, 113.840256])
Sundays_PROPN
(9625, 1527, 0.0, [165.25865, 81.6308, 128.58224])
Saturdays_PROPN
(9965, 1527, 0.0, [165.32755, 81.63127, 128.63599])
sunday_NOUN
(18054, 1527, 0.0, [165.1922, 81.64996, 128.59099])
Thursdays_PROPN
(18972, 1527, 0.0, [165.26987, 81.64379, 128.66891])
monday_NOUN
(19288, 1527, 0.0, [165.23154, 81.65308, 128.63661])
Tuesdays_PROPN
(21466, 1527, 0.0, [165.2273, 81.69963, 128.6791])
Fridays_PROPN
(22551, 1527, 0.0, [165.3951, 81.62507, 128.6478])
friday_NOUN
(24318, 1527, 0.0, [165.16138, 81.66263, 128.62233])
Mondays_PROPN
(37969, 1527, 0.0, [165.39265, 81.62861, 128.66977])
week-end_NOUN
(125910, 1527, 0.0, [163.6606, 82.011116, 128.31822])
13th-14th_ADJ
(178117, 1524, 0.0, [162.31812, 77.080345, 114.73006])
12th-13th_ADJ
(179256, 1524, 0.0, [162.3855, 77.03173, 114.68992])
14th-15th_ADJ
(259363, 1524, 0.0, [162.26492, 77.07774, 114.760475])
night-time_ADJ
(33444, 1522, 0.0, [166.97961, 80.82572, 128.16325])
10th-11th_ADJ
(263254, 1517, 0.0, [162.37357, 76.86706, 114.54101])
week-end_ADJ
(190642, 1508, 0.0, [163.01889, 82.25898, 128.3092])
18,200_NUM
(267246, 1507, 0.0, [187.42628, 26.025717, 147.18831])
daily_ADV
(5967, 1489, 0.0, [164.43716, 82.05929, 128.92142])
Friday_PROPN
(2957, 1484, 0.0, [164.74976, 81.75111, 128.5108])
even_VERB
(21978, 1484, 0.0, [164.73035, 81.764565, 128.50937])
01:30_NUM
(144011, 1484, 0.0, [171.18613, 79.83168, 130.76942])
2330_NUM
(212812, 1484, 0.0, [171.52719, 79.77525, 130.7401])
wednesday_NOUN
(20353, 1483, 0.0, [165.09395, 81.671394, 128.61214])
Bank::Holidays_PROPN
(161884, 1483, 0.0, [165.12012, 81.62196, 128.51045])
Sunday_PROPN
(1711, 1480, 0.0, [164.71779, 81.765205, 128.48741])
Saturday_PROPN
(2187, 1480, 0.0, [164.62494, 81.77841, 128.46518])
weekend_NOUN
(2556, 1480, 0.0, [164.52573, 81.85796, 128.27602])
Monday_PROPN
(3735, 1480, 0.0, [164.68504, 81.78121, 128.40804])
Wednesday_PROPN
(5202, 1480, 0.0, [164.77852, 81.75903, 128.48405])
Thursday_PROPN
(5214, 1480, 0.0, [164.64401, 81.80502, 128.45238])
Tuesday_PROPN
(5661, 1480, 0.0, [164.69067, 81.76888, 128.49574])
mid-week_NOUN
(64837, 1480, 0.0, [164.65324, 81.83402, 128.30165])
regularly-scheduled_ADJ
(247637, 1480, 0.0, [164.76761, 81.64377, 128.45639])
midweek_ADJ
(46899, 1475, 0.0, [164.84427, 81.76501, 128.4461])
05:45_NUM
(215763, 1473, 0.0, [171.76082, 80.41322, 130.87126])
0600_NUM
(55219, 1420, 0.0, [170.16774, 79.63512, 130.39696])
5,500_NUM
(23319, 1389, 0.0, [187.49669, 25.70816, 147.31828])
5,200_NUM
(50087, 1389, 0.0, [187.56398, 25.75613, 147.24666])
5,300_NUM
(58243, 1389, 0.0, [187.53514, 25.73059, 147.25987])
10,800_NUM
(116595, 1389, 0.0, [187.55156, 25.91202, 147.34193])
13,600_NUM
(146325, 1389, 0.0, [187.4568, 25.783092, 147.25313])
ardha_X
(280065, 1388, 0.0, [169.14703, 82.0503, 130.2072])
13,100_NUM
(271756, 1381, 0.0, [187.49388, 25.946724, 147.06024])
12th_ADJ
(2598, 1353, 0.0, [164.0971, 71.79633, 108.79921])
22nd_NUM
(29684, 1351, 0.0, [166.60255, 67.7638, 105.33761])
weeknight_NOUN
(21540, 1346, 0.0, [166.55229, 80.53228, 127.934525])
25th_ADJ
(5801, 1334, 0.0, [170.89655, 60.83482, 99.22467])
24th_ADJ
(7321, 1334, 0.0, [170.97362, 60.83463, 99.36374])
late-night_ADJ
(18458, 1334, 0.0, [167.09904, 81.1392, 127.75534])
2nd_ADJ
(1350, 1330, 0.0, [164.37018, 71.425354, 108.51007])
1st_NUM
(2618, 1330, 1.0, [164.42824, 71.30978, 108.3944])
10th_ADJ
(2890, 1330, 0.0, [164.37921, 71.39151, 108.46925])
11th_ADJ
(2991, 1330, 0.0, [164.39597, 71.37328, 108.46231])
9th_ADJ
(3090, 1330, 0.0, [164.36563, 71.42284, 108.519264])
7th_ADJ
(3106, 1330, 0.0, [164.43018, 71.334915, 108.44817])
5th_NOUN
(6581, 1330, 0.0, [164.44157, 71.2782, 108.38576])
3rd_NUM
(15936, 1330, 0.0, [164.39351, 71.3512, 108.4728])
3rd_VERB
(25380, 1330, 0.0, [164.33379, 71.4257, 108.51874])
7th_VERB
(66230, 1330, 0.0, [164.16898, 71.500565, 108.43552])
7th_NUM
(66729, 1330, 0.0, [164.45302, 71.271904, 108.38702])
21st_NUM
(6664, 1324, 0.0, [170.87943, 60.991264, 99.5079])
26th_ADJ
(8397, 1324, 0.0, [170.92091, 60.924694, 99.4451])
2nd_NOUN
(226638, 1314, 0.0, [164.4085, 71.2248, 108.396484])
15th_VERB
(136255, 1312, 0.0, [163.41716, 72.01532, 108.47904])
7th_PROPN
(27773, 1307, 0.0, [165.06024, 69.85233, 106.88137])
13th_PROPN
(31513, 1305, 0.0, [168.04121, 65.48286, 103.31846])
27th_ADJ
(8622, 1301, 0.0, [171.25357, 60.42769, 99.056915])
28th_ADJ
(8870, 1301, 0.0, [171.21745, 60.477253, 99.07803])
29th_ADJ
(10023, 1301, 0.0, [171.25786, 60.37245, 98.98096])
31st_NUM
(14248, 1301, 0.0, [171.29112, 60.316402, 98.96673])
31st_ADJ
(18184, 1301, 0.0, [171.2155, 60.400814, 98.98227])
17th_ADJ
(2358, 1300, 0.0, [162.75421, 73.58367, 110.43238])
15th_NOUN
(17689, 1300, 0.0, [165.11737, 70.195145, 107.40775])
30th_ADJ
(7271, 1299, 0.0, [171.02075, 60.56111, 99.02588])
2052_NUM
(180601, 1299, 0.0, [180.55191, 32.44642, 161.18794])
2068_NUM
(184314, 1299, 0.0, [180.63713, 32.346405, 161.12912])
2058_NUM
(204506, 1299, 0.0, [180.6379, 32.347713, 161.13972])
2056_NUM
(204603, 1299, 0.0, [180.62833, 32.351013, 161.131])
2064_NUM
(205306, 1299, 0.0, [180.46979, 32.5283, 161.17819])
2057_NUM
(214097, 1299, 0.0, [180.61737, 32.377937, 161.14531])
2076_NUM
(260677, 1299, 0.0, [180.6456, 32.33026, 161.16415])
2083_NUM
(264405, 1299, 0.0, [180.6596, 32.315002, 161.17941])
2073_NUM
(285394, 1299, 0.0, [180.62117, 32.360577, 161.14459])
29th_NOUN
(55398, 1298, 0.0, [166.07603, 68.62024, 106.11935])
23rd_ADJ
(7686, 1290, 0.0, [170.73991, 61.205257, 99.68406])
22nd_ADJ
(8395, 1290, 0.0, [170.71162, 61.247368, 99.7677])
2112_NUM
(103223, 1278, 0.0, [180.96614, 31.960037, 161.2642])
2301_NUM
(177713, 1278, 0.0, [180.91847, 32.000988, 161.40005])
2199_NUM
(180520, 1278, 0.0, [180.84433, 32.100903, 161.23885])
2104_NUM
(189366, 1278, 0.0, [180.92188, 32.017796, 161.27885])
2105_NUM
(193261, 1278, 0.0, [180.9621, 31.969263, 161.31642])
2121_NUM
(196968, 1278, 0.0, [180.93932, 31.99567, 161.27112])
2140_NUM
(197272, 1278, 0.0, [180.94684, 31.98075, 161.28076])
2281_NUM
(202833, 1278, 0.0, [180.78876, 32.16492, 161.205])
2370_NUM
(207358, 1278, 0.0, [180.92644, 31.996443, 161.36957])
2142_NUM
(208072, 1278, 0.0, [180.95679, 31.977995, 161.1505])
2102_NUM
(208795, 1278, 0.0, [180.9103, 32.0274, 161.26031])
2134_NUM
(215010, 1278, 0.0, [180.95377, 31.97056, 161.32393])
2257_NUM
(216081, 1278, 0.0, [180.82442, 32.115894, 161.23047])
2103_NUM
(217534, 1278, 0.0, [180.95059, 31.97807, 161.32565])
2154_NUM
(231269, 1278, 0.0, [180.92839, 31.98757, 161.35558])
2419_NUM
(237618, 1278, 0.0, [180.88722, 32.04246, 161.35292])
2106_NUM
(238973, 1278, 0.0, [180.86948, 32.066696, 161.30333])
3008_NUM
(239737, 1278, 0.0, [180.8915, 32.018444, 161.3354])
2107_NUM
(251188, 1278, 0.0, [180.94344, 31.978653, 161.29602])
2261_NUM
(254119, 1278, 0.0, [180.88464, 32.055267, 161.25171])
2118_NUM
(261713, 1278, 0.0, [180.85594, 32.08082, 161.2294])
3010_NUM
(262414, 1278, 0.0, [180.95001, 31.977156, 161.19208])
2117_NUM
(263582, 1278, 0.0, [180.9147, 32.019764, 161.28899])
2116_NUM
(263967, 1278, 0.0, [180.93356, 31.997463, 161.30145])
2312_NUM
(264666, 1278, 0.0, [180.94487, 31.98188, 161.266])
2371_NUM
(264926, 1278, 0.0, [180.89102, 32.032925, 161.39137])
2114_NUM
(266627, 1278, 0.0, [180.89536, 32.04864, 161.26765])
2181_NUM
(266798, 1278, 0.0, [180.9444, 31.96883, 161.37292])
2126_NUM
(267502, 1278, 0.0, [180.8958, 32.036407, 161.27936])
2109_NUM
(270720, 1278, 0.0, [180.93245, 31.99224, 161.30237])
2115_NUM
(276605, 1278, 0.0, [180.94469, 31.978214, 161.31303])
2262_NUM
(279189, 1278, 0.0, [180.95796, 31.9682, 161.34047])
2113_NUM
(280726, 1278, 0.0, [180.89436, 32.04541, 161.2687])
2085_NUM
(282211, 1278, 0.0, [180.82579, 32.118374, 161.17778])
2351_NUM
(284217, 1278, 0.0, [180.90929, 32.01783, 161.37108])
2078_NUM
(285692, 1278, 0.0, [180.79745, 32.149956, 161.24706])
2093_NUM
(287552, 1278, 0.0, [180.77965, 32.172424, 161.19907])
2137_NUM
(287712, 1278, 0.0, [180.91986, 31.98832, 161.38571])
2359_NUM
(292363, 1278, 0.0, [180.92201, 32.01119, 161.35178])
13th_ADJ
(2901, 1275, 0.0, [163.73857, 72.28021, 109.163895])
late-19th_ADJ
(58132, 1272, 0.0, [158.52403, 77.39317, 115.01025])
early-20th_ADJ
(61195, 1272, 0.0, [158.64217, 77.33854, 114.991516])
late-18th_ADJ
(137557, 1272, 0.0, [158.50635, 77.41468, 115.07877])
late-19th_NOUN
(138113, 1272, 0.0, [158.50485, 77.29899, 114.976715])
2061_NUM
(140654, 1272, 0.0, [180.69048, 32.288597, 161.17679])
2063_NUM
(184372, 1272, 0.0, [180.70648, 32.276413, 161.19089])
2062_NUM
(212271, 1272, 0.0, [180.74966, 32.22209, 161.20552])
2087_NUM
(219688, 1272, 0.0, [180.74074, 32.219795, 161.19327])
2067_NUM
(227448, 1272, 0.0, [180.735, 32.228195, 161.16733])
2089_NUM
(234111, 1272, 0.0, [180.6974, 32.273323, 161.13722])
2086_NUM
(238403, 1272, 0.0, [180.69313, 32.27645, 161.15126])
2053_NUM
(244596, 1272, 0.0, [180.68681, 32.2877, 161.16628])
2059_NUM
(250372, 1272, 0.0, [180.75398, 32.205845, 161.2319])
2095_NUM
(275278, 1272, 0.0, [180.68967, 32.275185, 161.17305])
2096_NUM
(276249, 1272, 0.0, [180.7172, 32.243305, 161.17056])
4th_ADJ
(1855, 1268, 0.0, [164.38629, 71.336784, 108.5749])
3rd_ADJ
(1955, 1268, 0.0, [164.35307, 71.46824, 108.58051])
1st_ADJ
(2078, 1268, 1.0, [164.32426, 71.54196, 108.6555])
6th_ADJ
(2512, 1268, 0.0, [164.32114, 71.55974, 108.67847])
8th_ADJ
(2925, 1268, 0.0, [164.36148, 71.43177, 108.5302])
5th_ADJ
(2982, 1268, 0.0, [164.37389, 71.421776, 108.527916])
3rd_SYM
(185465, 1268, 0.0, [164.28778, 71.408005, 108.54149])
14th_ADJ
(2914, 1254, 0.0, [163.67392, 72.348785, 109.2046])
3001_NUM
(117588, 1252, 0.0, [181.07954, 31.81604, 161.19731])
2101_NUM
(125950, 1252, 0.0, [180.98605, 31.929224, 161.29631])
2560_NUM
(149411, 1252, 0.0, [180.92065, 31.7581, 161.15681])
2120_NUM
(153957, 1252, 0.0, [181.05884, 31.852768, 161.18675])
2501_NUM
(154934, 1252, 0.0, [181.04526, 31.849297, 161.31784])
2230_NUM
(158603, 1252, 0.0, [181.03618, 31.92876, 161.17912])
2130_NUM
(158900, 1252, 0.0, [181.07352, 31.85227, 161.2206])
2201_NUM
(176224, 1252, 0.0, [181.03851, 31.85292, 161.28317])
2110_NUM
(179014, 1252, 0.0, [181.06932, 31.83537, 161.18237])
2345_NUM
(188696, 1252, 0.0, [181.09651, 31.810453, 161.23413])
2222_NUM
(192364, 1252, 0.0, [181.08113, 31.79777, 161.28545])
2440_NUM
(194820, 1252, 0.0, [180.98853, 31.940544, 161.23355])
2124_NUM
(227852, 1252, 0.0, [181.03331, 31.878483, 161.19699])
2145_NUM
(229713, 1252, 0.0, [180.99583, 31.923115, 161.26413])
2205_NUM
(231155, 1252, 0.0, [181.08336, 31.80928, 161.27661])
3019_NUM
(231332, 1252, 0.0, [181.02527, 31.902607, 161.44748])
2499_NUM
(238299, 1252, 0.0, [180.96375, 31.94793, 161.26816])
3301_NUM
(238877, 1252, 0.0, [181.00882, 31.880886, 161.30377])
3021_NUM
(246494, 1252, 0.0, [181.07527, 31.815199, 161.37775])
3015_NUM
(249379, 1252, 0.0, [181.02014, 31.894186, 161.30344])
3005_NUM
(250096, 1252, 0.0, [181.02283, 31.871355, 161.2151])
2801_NUM
(255262, 1252, 0.0, [181.0444, 31.844522, 161.29048])
2111_NUM
(256581, 1252, 0.0, [180.99138, 31.922625, 161.3129])
2601_NUM
(260085, 1252, 0.0, [181.09239, 31.78882, 161.34872])
2125_NUM
(267129, 1252, 0.0, [181.0749, 31.827686, 161.2824])
2155_NUM
(268217, 1252, 0.0, [180.99838, 31.92301, 161.28163])
2460_NUM
(271213, 1252, 0.0, [181.07756, 31.825026, 161.23416])
3501_NUM
(271377, 1252, 0.0, [181.04933, 31.832226, 161.30884])
2270_NUM
(274657, 1252, 0.0, [181.02942, 31.839106, 161.43048])
2686_NUM
(275385, 1252, 0.0, [180.96739, 31.9483, 161.41423])
2430_NUM
(279353, 1252, 0.0, [180.96548, 31.953585, 161.29964])
3201_NUM
(286437, 1252, 0.0, [181.03023, 31.867006, 161.29912])
2490_NUM
(292410, 1252, 0.0, [181.04173, 31.860073, 161.26288])
2175_NUM
(295824, 1252, 0.0, [181.04013, 31.879194, 161.23706])
2060_NUM
(101587, 1251, 0.0, [180.48318, 32.48554, 161.03198])
2047_NUM
(131148, 1251, 0.0, [180.5683, 32.41408, 161.0743])
2055_NUM
(148582, 1251, 0.0, [180.52908, 32.4029, 161.001])
late-nineteenth_ADJ
(169277, 1251, 0.0, [158.61853, 77.26211, 114.72315])
2051_NUM
(176428, 1251, 0.0, [180.49623, 32.5273, 160.98634])
2065_NUM
(177031, 1251, 0.0, [180.50629, 32.48061, 161.01773])
2043_NUM
(179447, 1251, 0.0, [180.65172, 32.32066, 161.11172])
2090_NUM
(183589, 1251, 0.0, [180.60573, 32.36918, 161.06647])
2054_NUM
(190335, 1251, 0.0, [180.55807, 32.431786, 161.11705])
2071_NUM
(203681, 1251, 0.0, [180.55406, 32.44389, 161.09683])
2084_NUM
(205356, 1251, 0.0, [180.66234, 32.31308, 161.10884])
2069_NUM
(209144, 1251, 0.0, [180.58545, 32.39874, 161.10245])
2066_NUM
(225246, 1251, 0.0, [180.62874, 32.360126, 161.12404])
2081_NUM
(229903, 1251, 0.0, [180.66055, 32.31405, 161.10371])
2075_NUM
(230235, 1251, 0.0, [180.67372, 32.300064, 161.12492])
2077_NUM
(259928, 1251, 0.0, [180.6681, 32.301716, 161.10184])
10th_NOUN
(36250, 1250, 0.0, [165.38142, 69.71488, 107.06486])
7th_NOUN
(67884, 1250, 0.0, [165.2824, 69.76024, 107.15762])
2170_NUM
(253267, 1242, 0.0, [180.9628, 31.97734, 161.03973])
3rd_NOUN
(37774, 1240, 0.0, [164.63692, 70.9295, 108.12185])
2540_NUM
(235430, 1240, 0.0, [181.12303, 31.72544, 161.13295])
2320_NUM
(243711, 1240, 0.0, [181.11987, 31.816957, 161.20238])
3020_NUM
(248983, 1240, 0.0, [181.14449, 31.72909, 161.17857])
3003_NUM
(255497, 1240, 0.0, [181.11905, 31.7665, 161.19177])
2950_NUM
(262243, 1240, 0.0, [181.22676, 31.6375, 161.13838])
2180_NUM
(263954, 1240, 0.0, [181.14702, 31.734016, 161.24477])
2220_NUM
(271661, 1240, 0.0, [181.10817, 31.801584, 161.20757])
2575_NUM
(274611, 1240, 0.0, [181.22897, 31.641066, 161.13289])
2580_NUM
(274780, 1240, 0.0, [181.2007, 31.672047, 161.15479])
3002_NUM
(280141, 1240, 0.0, [181.10478, 31.79651, 161.20755])
2903_NUM
(280703, 1240, 0.0, [181.10658, 31.750105, 161.20981])
2290_NUM
(288400, 1240, 0.0, [181.17714, 31.655466, 161.38231])
16th_ADJ
(2436, 1239, 0.0, [163.38904, 72.717354, 109.60907])
84th_ADV
(264825, 1239, 0.0, [170.8368, 60.506138, 99.35692])
2037_NUM
(124485, 1237, 0.0, [180.31055, 32.671597, 160.82774])
2038_NUM
(126129, 1237, 0.0, [180.33766, 32.636856, 160.87527])
13,200_NUM
(148819, 1237, 0.0, [187.6303, 25.342844, 147.4881])
2401_NUM
(220419, 1237, 0.0, [180.81107, 32.08902, 161.54169])
2135_NUM
(292752, 1237, 0.0, [180.69138, 32.23091, 161.59119])
40th_ADJ
(9151, 1235, 0.0, [171.03539, 60.323685, 98.66817])
4001_NUM
(134629, 1235, 0.0, [181.05164, 31.777723, 161.09053])
4003_NUM
(253507, 1235, 0.0, [181.05125, 31.786816, 161.10051])
twelfth_NOUN
(73683, 1233, 0.0, [162.18701, 73.49609, 109.41382])
eleventh_VERB
(164579, 1233, 0.0, [162.37476, 73.26881, 109.207634])
2072_NUM
(176675, 1233, 0.0, [180.25354, 32.7281, 161.5479])
2520_NUM
(170782, 1228, 0.0, [181.19328, 31.692636, 161.1066])
2260_NUM
(185215, 1228, 0.0, [181.15263, 31.75568, 161.08258])
5001_NUM
(209039, 1228, 0.0, [181.18378, 31.644365, 160.988])
6001_NUM
(218831, 1228, 0.0, [181.12608, 31.640045, 160.93633])
2310_NUM
(226002, 1228, 0.0, [181.18253, 31.680124, 161.11948])
2133_NUM
(242282, 1228, 0.0, [181.23087, 31.656178, 161.05856])
7001_NUM
(259186, 1228, 0.0, [181.17297, 31.64249, 160.94414])
2080_NUM
(121251, 1222, 0.0, [180.7132, 32.24733, 161.11354])
35th_ADJ
(11653, 1218, 0.0, [171.36778, 59.998123, 98.550644])
34th_ADJ
(13959, 1218, 0.0, [171.4156, 59.994675, 98.601166])
32nd_ADJ
(14638, 1218, 0.0, [171.3908, 60.04569, 98.646805])
41st_ADJ
(116476, 1218, 0.0, [171.31613, 60.183228, 98.776794])
32nd_VERB
(282841, 1218, 0.0, [171.43445, 60.04761, 98.78082])
4,200_NUM
(39778, 1217, 0.0, [187.55048, 25.54434, 147.39525])
4,300_NUM
(47323, 1217, 0.0, [187.53647, 25.57677, 147.39874])
5,600_NUM
(52106, 1217, 0.0, [187.55315, 25.533627, 147.4081])
5,400_NUM
(55739, 1217, 0.0, [187.60606, 25.422705, 147.44846])
6,200_NUM
(62538, 1217, 0.0, [187.67332, 25.309393, 147.46559])
5,700_NUM
(63836, 1217, 0.0, [187.53848, 25.601757, 147.39764])
5,100_NUM
(75998, 1217, 0.0, [187.57182, 25.459116, 147.45654])
7,300_NUM
(85615, 1217, 0.0, [187.6501, 25.45041, 147.3801])
8,800_NUM
(86451, 1217, 0.0, [187.53685, 25.573795, 147.3691])
6,100_NUM
(92698, 1217, 0.0, [187.55103, 25.530676, 147.41335])
3,750_NUM
(95064, 1217, 0.0, [187.70238, 25.360506, 147.33885])
7,900_NUM
(138149, 1217, 0.0, [187.64313, 25.550253, 147.34853])
29th_NUM
(167391, 1214, 0.0, [170.13795, 62.130695, 100.5137])
mid-19th-century_ADJ
(110882, 1213, 0.0, [158.15288, 77.70443, 115.13847])
2335_NUM
(273654, 1207, 0.0, [180.5149, 32.38165, 161.8611])
2933_NUM
(203978, 1203, 0.0, [181.2112, 31.60525, 160.99205])
3040_NUM
(260391, 1203, 0.0, [181.25317, 31.60896, 161.07509])
5750_NUM
(260883, 1203, 0.0, [181.29776, 31.559355, 160.9689])
3310_NUM
(290633, 1203, 0.0, [181.35428, 31.519936, 160.86148])
2046_NUM
(118237, 1201, 0.0, [180.37401, 32.60242, 160.92886])
2049_NUM
(137398, 1201, 0.0, [180.3775, 32.600025, 160.91751])
2044_NUM
(142952, 1201, 0.0, [180.40875, 32.567776, 160.86461])
2039_NUM
(145586, 1201, 0.0, [180.43166, 32.560013, 160.93266])
2097_NUM
(200388, 1201, 0.0, [180.42194, 32.55804, 160.90718])
2150_NUM
(94278, 1195, 0.0, [181.44925, 31.389145, 160.83655])
second_ADJ
(35, 1193, 0.0, [161.93474, 73.86831, 109.54392])
ninth_ADJ
(3381, 1193, 0.0, [162.10234, 73.87437, 109.52827])
thirteenth_ADJ
(10659, 1193, 0.0, [162.10681, 74.14725, 110.0202])
thirteenth_NOUN
(27631, 1193, 0.0, [162.1002, 73.88385, 109.73153])
fourteenth_NOUN
(31055, 1193, 0.0, [162.11378, 73.83649, 109.70368])
2880_NUM
(193464, 1193, 0.0, [181.0203, 31.60454, 160.96094])
2160_NUM
(127531, 1191, 0.0, [180.70927, 31.9322, 161.09834])
13th_NOUN
(19525, 1190, 0.0, [165.20615, 70.01189, 107.26988])
twelfth_VERB
(205384, 1187, 0.0, [162.21521, 73.16441, 109.20584])
early-19th_ADJ
(119773, 1185, 0.0, [158.20978, 77.333466, 115.02796])
late-18th_NOUN
(282402, 1185, 0.0, [158.37918, 77.3313, 115.01311])
2640_NUM
(220641, 1184, 0.0, [181.39389, 31.46104, 161.31148])
3,600_NUM
(31035, 1183, 0.0, [187.71266, 25.196602, 147.50931])
3,300_NUM
(34580, 1183, 0.0, [187.75748, 25.06145, 147.6329])
3,800_NUM
(38268, 1183, 0.0, [187.71101, 25.116674, 147.60698])
3,400_NUM
(39990, 1183, 0.0, [187.71593, 25.17489, 147.5257])
3,700_NUM
(40790, 1183, 0.0, [187.70479, 25.25403, 147.48547])
4,800_NUM
(43579, 1183, 0.0, [187.67204, 25.201456, 147.52129])
4,600_NUM
(47676, 1183, 0.0, [187.64262, 25.270164, 147.5611])
4,700_NUM
(54984, 1183, 0.0, [187.66315, 25.207747, 147.59593])
5,800_NUM
(59261, 1183, 0.0, [187.74034, 25.142033, 147.55763])
6,400_NUM
(62272, 1183, 0.0, [187.69719, 25.1724, 147.56161])
6,600_NUM
(63948, 1183, 0.0, [187.68756, 25.17244, 147.58046])
6,800_NUM
(66401, 1183, 0.0, [187.7389, 25.134975, 147.52365])
6,700_NUM
(68593, 1183, 0.0, [187.72366, 25.132, 147.54579])
6,900_NUM
(108718, 1183, 0.0, [187.667, 25.254953, 147.51736])
8,900_NUM
(132161, 1183, 0.0, [187.69748, 25.208157, 147.53421])
2305_NUM
(290213, 1177, 0.0, [181.1533, 31.659195, 161.66148])
15th_ADJ
(3111, 1170, 0.0, [163.48753, 72.59202, 109.46584])
15th_NUM
(30433, 1164, 0.0, [164.80862, 70.67785, 107.81565])
2340_NUM
(193229, 1164, 0.0, [181.57146, 31.335337, 161.27682])
2210_NUM
(197367, 1164, 0.0, [181.4541, 31.443966, 161.13376])
2,800_NUM
(27975, 1150, 0.0, [187.80121, 25.00098, 147.57681])
3,100_NUM
(44938, 1150, 0.0, [187.81042, 25.016096, 147.5762])
4,100_NUM
(64962, 1150, 0.0, [187.81155, 25.14731, 147.52519])
33rd_ADJ
(11957, 1145, 0.0, [171.56065, 59.82881, 98.51213])
42nd_PROPN
(13028, 1145, 0.0, [171.52208, 59.79095, 98.429565])
fifteenth_ADJ
(13146, 1145, 0.0, [162.0698, 74.31406, 110.37998])
36th_ADJ
(13506, 1145, 0.0, [171.47214, 59.89453, 98.514435])
38th_ADJ
(13846, 1145, 0.0, [171.49467, 59.82567, 98.445526])
39th_ADJ
(14593, 1145, 0.0, [171.47874, 59.874546, 98.49201])
45th_ADJ
(15935, 1145, 0.0, [171.50005, 59.768337, 98.36413])
49th_ADJ
(16457, 1145, 0.0, [171.53027, 59.724987, 98.335396])
51st_ADJ
(17134, 1145, 0.0, [171.58168, 59.59613, 98.21114])
sixteenth_NOUN
(17179, 1145, 0.0, [161.99881, 74.2777, 110.19151])
52nd_ADJ
(17463, 1145, 0.0, [171.57008, 59.617374, 98.231094])
44th_ADJ
(17595, 1145, 0.0, [171.5349, 59.71375, 98.33252])
43rd_ADJ
(17906, 1145, 0.0, [171.53401, 59.736473, 98.36182])
seventeenth_NOUN
(18692, 1145, 0.0, [161.9608, 74.390884, 110.33215])
48th_ADJ
(18848, 1145, 0.0, [171.56897, 59.623627, 98.23698])
43rd_NUM
(73613, 1145, 0.0, [171.56145, 59.796146, 98.51471])
51st_NUM
(105877, 1145, 0.0, [171.61365, 59.708435, 98.480995])
39th_NUM
(161505, 1145, 0.0, [171.61859, 59.73404, 98.51117])
36th_NUM
(173218, 1145, 0.0, [171.5985, 59.766735, 98.53906])
44th_NUM
(240449, 1145, 0.0, [171.61212, 59.742077, 98.523186])
49th_NUM
(250543, 1145, 0.0, [171.63916, 59.67956, 98.46952])
48th_NUM
(290433, 1145, 0.0, [171.59767, 59.76413, 98.534904])
47th_NUM
(291263, 1145, 0.0, [171.59935, 59.75413, 98.52946])
74th_NUM
(296385, 1145, 0.0, [171.67249, 59.61887, 98.47305])
four_NUM
(65, 1139, 0.0, [179.46388, 37.41626, 135.86353])
six_NUM
(246, 1139, 0.0, [179.54657, 37.32564, 135.90361])
2211_NUM
(256108, 1137, 0.0, [181.07301, 31.66359, 162.08228])
2333_NUM
(289723, 1137, 0.0, [181.02162, 31.77588, 161.85007])
19th-century_NOUN
(40282, 1133, 0.0, [158.52858, 77.672745, 115.217606])
seven_NUM
(462, 1114, 0.0, [179.64087, 37.28403, 135.91687])
ten_NUM
(532, 1114, 0.0, [179.7023, 37.166218, 136.01611])
2240_NUM
(222909, 1114, 0.0, [181.30637, 31.4573, 161.5098])
2510_NUM
(253018, 1114, 0.0, [181.31514, 31.599243, 161.6563])
sixteenth_ADJ
(12627, 1111, 0.0, [161.87718, 74.59528, 110.91078])
eight_NUM
(536, 1106, 0.0, [179.7743, 37.169624, 135.9863])
nine_NUM
(872, 1106, 0.0, [179.79538, 37.14659, 135.98766])
twelve_NUM
(1885, 1106, 0.0, [179.92108, 37.054924, 136.01584])
eleven_NOUN
(2709, 1106, 0.0, [179.88335, 37.087013, 136.00517])
thirteen_NUM
(3652, 1106, 0.0, [179.89767, 37.07612, 136.00208])
sixteen_NUM
(3916, 1106, 0.0, [180.02567, 36.97412, 136.03307])
fourteen_NUM
(3955, 1106, 0.0, [179.94435, 37.033855, 136.02881])
seventeen_NUM
(5752, 1106, 0.0, [180.00749, 36.992348, 136.0243])
eleven_NUM
(11070, 1106, 0.0, [179.80179, 37.14599, 135.97888])
thirteen_ADJ
(136573, 1106, 0.0, [179.90182, 37.061974, 136.0431])
twenty-four_ADJ
(163238, 1106, 0.0, [179.97849, 36.994255, 136.07103])
fifteen_ADJ
(165291, 1106, 0.0, [179.96686, 36.987408, 136.10172])
sixteen_ADJ
(214366, 1106, 0.0, [179.95409, 36.998055, 136.09534])
twenty-two_ADJ
(231554, 1106, 0.0, [179.96777, 37.006725, 136.06226])
twenty-one_ADJ
(267664, 1106, 0.0, [179.91742, 37.04592, 136.05055])
twenty-eight_ADJ
(277685, 1106, 0.0, [179.93918, 37.03958, 136.0291])
19th-century_ADJ
(7132, 1104, 0.0, [157.82968, 77.886475, 115.13123])
20th-century_ADJ
(11280, 1104, 0.0, [158.0286, 77.68659, 115.02225])
nineteenth-century_ADJ
(18218, 1104, 0.0, [157.94153, 77.84683, 115.02687])
twentieth-century_ADJ
(25044, 1104, 0.0, [158.09874, 77.616646, 114.92675])
32nd_NUM
(44798, 1104, 0.0, [171.52846, 59.87871, 98.59049])
early-20th-century_ADJ
(103774, 1104, 0.0, [157.92809, 77.69064, 115.096214])
late-19th-century_ADJ
(130067, 1104, 0.0, [158.08386, 77.66045, 115.0623])
34th_NUM
(140790, 1104, 0.0, [171.57513, 59.817966, 98.57158])
mid-20th-century_ADJ
(147350, 1104, 0.0, [157.87837, 77.791626, 115.10874])
38th_NUM
(170427, 1104, 0.0, [171.5423, 59.86801, 98.61137])
early-19th-century_ADJ
(176619, 1104, 0.0, [158.08678, 77.83304, 115.142845])
mid-twentieth-century_ADJ
(255599, 1104, 0.0, [157.955, 77.61747, 114.99266])
1,300_NUM
(14234, 1103, 0.0, [187.76717, 24.764145, 147.92647])
1.200_NUM
(295772, 1103, 0.0, [187.80486, 24.71137, 147.93295])
eighteenth_NOUN
(20657, 1102, 0.0, [161.80498, 74.65607, 110.739265])
2,300_NUM
(24434, 1102, 0.0, [187.84, 24.86919, 147.65225])
2,700_NUM
(27432, 1102, 0.0, [187.84093, 24.881514, 147.62178])
3,200_NUM
(28627, 1102, 0.0, [187.8993, 24.776276, 147.69151])
4,400_NUM
(49542, 1102, 0.0, [187.9969, 24.74561, 147.6252])
2,900_NUM
(50862, 1102, 0.0, [187.89879, 24.73754, 147.76135])
4,900_NUM
(83278, 1102, 0.0, [187.83853, 24.901764, 147.6546])
2,350_NUM
(104958, 1102, 0.0, [187.93979, 24.664667, 147.74963])
5,900_NUM
(105397, 1102, 0.0, [187.80107, 24.9387, 147.6575])
1,800_NUM
(15367, 1100, 0.0, [187.96219, 24.57373, 147.83595])
57th_ADJ
(16570, 1100, 0.0, [171.60313, 59.53032, 98.15803])
53rd_NUM
(16844, 1100, 0.0, [171.61075, 59.52272, 98.153625])
55th_ADJ
(17048, 1100, 0.0, [171.62227, 59.39433, 98.0022])
56th_ADJ
(18348, 1100, 0.0, [171.62018, 59.44851, 98.065674])
54th_ADJ
(18505, 1100, 0.0, [171.58212, 59.57419, 98.18627])
1,700_NUM
(18671, 1100, 0.0, [187.95505, 24.48224, 148.02881])
47th_ADJ
(18715, 1100, 0.0, [171.61403, 59.489388, 98.11049])
46th_ADJ
(19102, 1100, 0.0, [171.56094, 59.57496, 98.16568])
59th_ADJ
(19989, 1100, 0.0, [171.60797, 59.36969, 97.95699])
2,400_NUM
(20040, 1100, 0.0, [187.97813, 24.480646, 147.90918])
58th_ADJ
(20182, 1100, 0.0, [171.60786, 59.449, 98.053444])
1,900_NUM
(30617, 1100, 0.0, [188.04079, 24.43307, 147.85315])
73rd_NUM
(95896, 1100, 0.0, [171.71722, 59.345367, 98.094124])
3,150_NUM
(164851, 1100, 0.0, [187.92157, 24.597433, 147.89417])
second_NOUN
(5418, 1096, 0.0, [162.06514, 73.52032, 109.51946])
sixth_NOUN
(22282, 1096, 0.0, [162.1057, 73.480995, 109.47239])
fourteenth_ADJ
(9367, 1095, 0.0, [162.02466, 74.50819, 109.90406])
twelfth_ADJ
(7007, 1094, 0.0, [162.06224, 74.07885, 109.69892])
eleventh_ADJ
(9882, 1094, 0.0, [162.07309, 74.10011, 109.67509])
fifteenth_NOUN
(23177, 1094, 0.0, [162.09908, 73.960434, 109.84135])
fifth_ADJ
(1181, 1093, 0.0, [162.02837, 73.85247, 109.45912])
eleventh_NOUN
(12573, 1093, 0.0, [162.12186, 73.783195, 109.49349])
second-last_ADJ
(104029, 1093, 0.0, [161.86455, 73.90207, 109.48884])
2,600_NUM
(26948, 1090, 0.0, [187.96597, 24.596384, 147.76761])
2,250_NUM
(64457, 1090, 0.0, [187.93951, 24.622852, 147.77594])
3,900_NUM
(65082, 1090, 0.0, [188.00443, 24.538795, 147.7806])
2,750_NUM
(86199, 1090, 0.0, [187.9674, 24.59247, 147.77896])
3,250_NUM
(103997, 1090, 0.0, [188.04642, 24.43389, 147.80006])
2,650_NUM
(113483, 1090, 0.0, [188.07185, 24.45286, 147.75926])
4,250_NUM
(161459, 1090, 0.0, [187.9851, 24.611137, 147.69492])
1,950_NUM
(98591, 1088, 0.0, [188.09615, 24.35221, 147.80283])
fifteen_NUM
(3216, 1086, 0.0, [180.06659, 36.87713, 136.15573])
eighteen_NUM
(4732, 1086, 0.0, [180.03337, 36.93496, 136.1086])
1,400_NUM
(14755, 1086, 0.0, [188.10901, 24.223244, 147.93127])
1,100_NUM
(14892, 1086, 0.0, [188.23051, 24.015778, 147.94556])
2,200_NUM
(20827, 1086, 0.0, [188.21902, 24.062174, 147.9072])
2,100_NUM
(28840, 1086, 0.0, [188.11174, 24.29781, 147.82196])
twenty-three_ADJ
(255595, 1086, 0.0, [180.06082, 36.921974, 136.09613])
twenty-seven_ADJ
(265928, 1086, 0.0, [180.08293, 36.91697, 136.08574])
pre-20th_ADJ
(217314, 1083, 0.0, [159.59596, 77.04239, 114.71852])
mid-nineteenth_ADJ
(33215, 1081, 0.0, [159.82753, 77.133705, 115.15859])
4,750_NUM
(150861, 1079, 0.0, [188.58109, 23.71923, 147.77274])
5,250_NUM
(172865, 1079, 0.0, [188.66943, 23.95827, 147.51436])
6,750_NUM
(224190, 1079, 0.0, [188.66362, 23.658655, 147.74376])
8,250_NUM
(250245, 1076, 0.0, [188.57965, 25.901625, 146.45793])
one_NUM
(1, 1075, 1.0, [179.2919, 37.578415, 135.78972])
two_NUM
(5, 1075, 0.0, [179.3729, 37.503803, 135.8109])
three_NUM
(18, 1075, 0.0, [179.32411, 37.54202, 135.81091])
1,600_NUM
(14567, 1072, 0.0, [188.3081, 23.89984, 148.0632])
2,150_NUM
(101216, 1072, 0.0, [188.35721, 23.760546, 148.01472])
2,850_NUM
(126351, 1072, 0.0, [188.41812, 23.65757, 148.024])
7,250_NUM
(276679, 1069, 0.0, [188.6487, 24.59933, 146.9315])
37th_ADJ
(13230, 1066, 0.0, [171.59685, 59.586082, 98.25179])
41st_NUM
(15233, 1066, 0.0, [171.5987, 59.57839, 98.26276])
72nd_NUM
(101829, 1066, 0.0, [171.70964, 59.446404, 98.22664])
63rd_NUM
(169367, 1066, 0.0, [171.68199, 59.551014, 98.35337])
82nd_NUM
(205166, 1066, 0.0, [171.75209, 59.488403, 98.32383])
92nd_NUM
(217646, 1066, 0.0, [171.75215, 59.420506, 98.26208])
mid-19th_NOUN
(221705, 1066, 0.0, [159.19246, 77.16193, 114.91643])
93rd_NUM
(261405, 1066, 0.0, [171.62247, 59.588444, 98.42766])
6,250_NUM
(169569, 1062, 0.0, [188.90799, 26.10976, 146.1594])
mid-twentieth_ADJ
(40298, 1061, 0.0, [159.24432, 76.86898, 114.73609])
mid-nineteenth-century_ADJ
(273560, 1055, 0.0, [157.51341, 77.87445, 115.10541])
Sixth_PROPN
(8482, 1052, 0.0, [161.65681, 74.47196, 109.914894])
Seventh_PROPN
(12058, 1052, 0.0, [161.72621, 74.470894, 109.89674])
Fifth_PROPN
(15190, 1052, 0.0, [161.71016, 74.474266, 109.86924])
Eighth_PROPN
(16207, 1052, 0.0, [161.71654, 74.49007, 109.90248])
Ninth_PROPN
(17346, 1052, 0.0, [161.70404, 74.49257, 109.91868])
Tenth_PROPN
(19902, 1052, 0.0, [161.71927, 74.491005, 109.903854])
Twelfth_PROPN
(21094, 1052, 0.0, [161.6801, 74.54007, 109.935265])
Eleventh_PROPN
(25748, 1052, 0.0, [161.70694, 74.50417, 109.91387])
tenth_ADJ
(179602, 1052, 0.0, [161.75488, 74.42823, 109.86449])
thirty-five_NUM
(18374, 1042, 0.0, [180.3185, 36.684067, 136.26372])
forty-five_NUM
(23629, 1042, 0.0, [180.32663, 36.64499, 136.32486])
sixty-five_NUM
(38117, 1042, 0.0, [180.33875, 36.631706, 136.33018])
thirty-five_ADJ
(160182, 1042, 0.0, [180.21982, 36.67116, 136.39604])
twenty_NUM
(2214, 1040, 0.0, [180.27335, 36.53576, 136.57831])
sixty_NUM
(6652, 1040, 0.0, [180.40494, 36.40535, 136.68935])
ninety_NUM
(14733, 1040, 0.0, [180.4187, 36.40038, 136.6877])
eighty_ADJ
(195866, 1040, 0.0, [180.39925, 36.44965, 136.61612])
seventy-five_ADJ
(295066, 1040, 0.0, [180.37587, 36.48471, 136.57812])
mid-20th_ADJ
(15866, 1038, 0.0, [158.91328, 77.10906, 114.92284])
eighty-four_NUM
(40437, 1033, 0.0, [180.11249, 37.00891, 135.88156])
five_NUM
(164, 1032, 0.0, [179.16547, 37.68349, 135.8368])
65th_ADJ
(19514, 1032, 0.0, [171.4602, 59.34196, 97.749374])
twentieth_NOUN
(20172, 1028, 0.0, [161.6094, 75.05188, 110.947075])
62nd_ADJ
(21785, 1027, 0.0, [171.6566, 58.991875, 97.57046])
66th_ADJ
(21908, 1027, 0.0, [171.62965, 59.05475, 97.59674])
64th_ADJ
(22644, 1027, 0.0, [171.63655, 59.01093, 97.56746])
63rd_ADJ
(22671, 1027, 0.0, [171.61763, 59.09663, 97.6445])
69th_ADJ
(22818, 1027, 0.0, [171.64224, 58.99165, 97.547585])
67th_ADJ
(23411, 1027, 0.0, [171.61923, 59.06441, 97.61246])
68th_ADJ
(24091, 1027, 0.0, [171.60982, 59.03221, 97.56728])
71st_NUM
(28610, 1027, 0.0, [171.55237, 59.08315, 97.615746])
nineteen_NUM
(7926, 1026, 0.0, [180.11038, 36.95202, 135.97163])
twenty-four_NUM
(11325, 1026, 0.0, [180.19165, 36.90213, 135.96353])
twenty-one_NUM
(12098, 1026, 0.0, [180.22025, 36.90103, 135.9448])
twenty-two_NUM
(12489, 1026, 0.0, [180.24097, 36.882603, 135.94734])
twenty-three_NUM
(15451, 1026, 0.0, [180.2472, 36.89746, 135.92867])
twenty-six_NUM
(15876, 1026, 0.0, [180.24995, 36.884285, 135.92671])
twenty-seven_NUM
(19382, 1026, 0.0, [180.2599, 36.89266, 135.93166])
thirty-two_NUM
(19907, 1026, 0.0, [180.23085, 36.89858, 135.92052])
thirty-six_NUM
(21738, 1026, 0.0, [180.23235, 36.89209, 135.9517])
thirty-three_NUM
(23297, 1026, 0.0, [180.25787, 36.889053, 135.93384])
twenty-nine_NUM
(24461, 1026, 0.0, [180.26604, 36.903175, 135.90225])
thirty-one_NUM
(26016, 1026, 0.0, [180.25449, 36.896454, 135.92192])
forty-four_NUM
(28236, 1026, 0.0, [180.25444, 36.85154, 136.0075])
thirty-nine_NUM
(29027, 1026, 0.0, [180.25453, 36.899918, 135.92162])
forty-two_NUM
(29414, 1026, 0.0, [180.25348, 36.89012, 135.9409])
thirty-eight_NUM
(29625, 1026, 0.0, [180.25897, 36.884354, 135.9453])
forty-eight_NUM
(30792, 1026, 0.0, [180.23955, 36.872833, 135.98474])
forty-three_NUM
(33579, 1026, 0.0, [180.25212, 36.899734, 135.91959])
forty-one_NUM
(34825, 1026, 0.0, [180.26515, 36.911934, 135.88611])
fifty-two_NUM
(35872, 1026, 0.0, [180.24571, 36.877724, 135.96535])
forty-six_NUM
(38164, 1026, 0.0, [180.28583, 36.904137, 135.89171])
fifty-five_NUM
(38821, 1026, 0.0, [180.28879, 36.80932, 136.05829])
forty-seven_NUM
(39682, 1026, 0.0, [180.25912, 36.891296, 135.93085])
forty-nine_NUM
(42252, 1026, 0.0, [180.25842, 36.89479, 135.92488])
sixty-four_NUM
(44321, 1026, 0.0, [180.24696, 36.902435, 135.90678])
fifty-three_NUM
(44805, 1026, 0.0, [180.25317, 36.897358, 135.93315])
fifty-four_NUM
(45175, 1026, 0.0, [180.25676, 36.892982, 135.93227])
fifty-one_NUM
(45217, 1026, 0.0, [180.27617, 36.89301, 135.9237])
seventy-two_NUM
(51039, 1026, 0.0, [180.2597, 36.94227, 135.8481])
fifty-seven_NUM
(54503, 1026, 0.0, [180.30215, 36.896317, 135.88037])
sixty-six_NUM
(56084, 1026, 0.0, [180.25835, 36.91512, 135.88551])
sixty-two_NUM
(56643, 1026, 0.0, [180.27505, 36.93175, 135.8478])
fifty-nine_NUM
(57978, 1026, 0.0, [180.2577, 36.89843, 135.9259])
eighty-five_NUM
(59578, 1026, 0.0, [180.27942, 36.9028, 135.90034])
sixty-one_NUM
(62068, 1026, 0.0, [180.25607, 36.91928, 135.8839])
ninety-nine_NUM
(62158, 1026, 0.0, [180.2824, 36.86539, 135.96138])
sixteen_NOUN
(67965, 1026, 0.0, [180.18082, 36.87283, 135.98253])
sixty-seven_NUM
(68346, 1026, 0.0, [180.27798, 36.933907, 135.83633])
seventy-four_NUM
(70399, 1026, 0.0, [180.26564, 36.93056, 135.86101])
ninety-five_ADJ
(71836, 1026, 0.0, [180.27437, 36.925423, 135.86137])
sixty-nine_NUM
(72059, 1026, 0.0, [180.26343, 36.937233, 135.84305])
seventy-seven_NUM
(74429, 1026, 0.0, [180.27274, 36.91934, 135.86742])
seventy-one_NUM
(75427, 1026, 0.0, [180.26666, 36.936104, 135.85281])
ninety-six_NUM
(76185, 1026, 0.0, [180.26785, 36.934265, 135.85173])
seventy-three_NUM
(76501, 1026, 0.0, [180.28615, 36.928, 135.82744])
eighty-six_NUM
(78871, 1026, 0.0, [180.26613, 36.94377, 135.83537])
eighty-two_NUM
(81563, 1026, 0.0, [180.2662, 36.941593, 135.83852])
eighty-seven_NUM
(92826, 1026, 0.0, [180.27492, 36.936943, 135.8305])
ninety-eight_NUM
(95725, 1026, 0.0, [180.27078, 36.939777, 135.83998])
ninety-one_NUM
(97375, 1026, 0.0, [180.26984, 36.943413, 135.83351])
eighty-nine_NUM
(102670, 1026, 0.0, [180.2675, 36.941162, 135.83824])
ninety-four_NUM
(103514, 1026, 0.0, [180.2632, 36.929752, 135.85065])
ninety-seven_NUM
(114724, 1026, 0.0, [180.26353, 36.94327, 135.83987])
late-20th_ADJ
(168042, 1023, 0.0, [159.0015, 77.097336, 114.67779])
early-twentieth_ADJ
(247425, 1023, 0.0, [158.9514, 77.20312, 114.79559])
2525_NUM
(172249, 1022, 0.0, [181.45166, 31.451103, 161.81378])
seventeenth_ADJ
(12774, 1018, 0.0, [161.76337, 74.84119, 111.344574])
mid-19th_ADJ
(11199, 1016, 0.0, [159.61574, 77.194016, 115.33863])
first_ADJ
(2, 1015, 1.0, [161.66731, 73.94899, 109.64217])
last_ADJ
(163, 1015, 1.0, [161.467, 73.99745, 109.70264])
1260_NOUN
(164351, 1005, 0.0, [164.22537, 81.02103, 117.687195])
1270_NOUN
(178679, 1005, 0.0, [164.23314, 80.927055, 117.63855])
1290_NOUN
(230015, 1005, 0.0, [164.21225, 80.9902, 117.64255])
18th_ADJ
(1995, 1001, 0.0, [162.01524, 74.5425, 111.39753])
eighteenth_ADJ
(10123, 1001, 0.0, [161.55312, 75.11679, 111.715256])
1320_NOUN
(191948, 1001, 0.0, [164.37268, 80.70092, 117.59187])
1320s_NUM
(266258, 1001, 0.0, [164.3094, 80.78356, 117.58871])
1330s_NUM
(278701, 1001, 0.0, [164.35419, 80.60499, 117.54656])
61st_NUM
(58166, 1000, 0.0, [171.89772, 58.729156, 97.51862])
