2.5_NUM
(4414, 65529, 1.0, [30.537245, 120.6974, 37.4393])
0.6_NUM
(9713, 65529, 0.0, [30.62365, 120.73653, 37.49218])
0.8_NUM
(9870, 65529, 0.0, [30.61649, 120.74279, 37.49519])
0.9_NUM
(11156, 65529, 0.0, [30.59675, 120.755684, 37.510395])
0.0_NUM
(20203, 65529, 0.0, [30.57311, 120.77278, 37.52391])
1.5_NUM
(3794, 64877, 0.0, [30.3717, 120.90018, 37.62808])
1.2_NUM
(6102, 64877, 0.0, [30.35684, 120.90853, 37.63441])
1.3_NUM
(7223, 64877, 0.0, [30.29577, 120.94866, 37.66566])
1.1_NUM
(7555, 64877, 0.0, [30.30459, 120.94513, 37.66635])
1.4_NUM
(7583, 64877, 0.0, [30.33297, 120.922844, 37.6454])
0.5_NUM
(6499, 64294, 0.0, [30.67964, 120.697754, 37.47184])
0.1_NUM
(7659, 64294, 0.0, [30.78399, 120.65996, 37.42141])
0.2_NUM
(8201, 64294, 0.0, [30.68942, 120.703514, 37.4819])
0.4_NUM
(9461, 64294, 0.0, [30.65831, 120.713455, 37.47528])
0.7_NUM
(10512, 64294, 0.0, [30.62953, 120.73252, 37.48875])
0.3_NUM
(8585, 63579, 1.0, [30.94409, 120.496994, 37.30434])
3.5_NUM
(5389, 61482, 0.0, [30.02085, 121.14848, 37.85607])
1.6_NUM
(6761, 61482, 0.0, [30.28934, 120.95303, 37.67046])
1.8_NUM
(7896, 61482, 0.0, [30.28745, 120.953514, 37.66824])
1.0_NUM
(8439, 61482, 0.0, [30.29291, 120.95816, 37.68185])
2.4_NUM
(8752, 61482, 0.0, [30.2365, 120.986916, 37.69435])
2.2_NUM
(8858, 61482, 0.0, [30.19925, 121.02015, 37.72167])
1.7_NUM
(8867, 61482, 0.0, [30.28863, 120.95321, 37.66803])
2.3_NUM
(9524, 61482, 0.0, [30.166685, 121.04316, 37.73829])
2.1_NUM
(9566, 61482, 0.0, [30.20089, 121.02032, 37.72398])
3.2_NUM
(9755, 61482, 0.0, [30.03481, 121.141785, 37.82342])
2.6_NUM
(10052, 61482, 0.0, [30.10957, 121.08422, 37.7729])
2.8_NUM
(10094, 61482, 0.0, [30.1311, 121.066, 37.75999])
1.9_NUM
(10275, 61482, 0.0, [30.2813, 120.95466, 37.66825])
2.7_NUM
(10318, 61482, 0.0, [30.09894, 121.093445, 37.78276])
3.3_NUM
(10830, 61482, 0.0, [30.02334, 121.14918, 37.82967])
3.1_NUM
(10987, 61482, 0.0, [30.00868, 121.159775, 37.83768])
2.9_NUM
(12280, 61482, 0.0, [30.03254, 121.14374, 37.82625])
2.0_NUM
(5914, 59782, 0.0, [29.96786, 121.1961, 37.90113])
3.4_NUM
(11392, 59782, 0.0, [29.97338, 121.18702, 37.86105])
3.0_NUM
(7563, 47298, 0.0, [29.87547, 121.26319, 37.94287])
3.6_NUM
(11020, 47298, 0.0, [29.96113, 121.19607, 37.86853])
3.8_NUM
(11110, 47298, 0.0, [29.86417, 121.27, 37.93369])
3.7_NUM
(11217, 47298, 0.0, [29.92653, 121.22367, 37.89816])
4.2_NUM
(11258, 46653, 0.0, [29.70367, 121.388824, 38.03211])
4.3_NUM
(11654, 46653, 0.0, [29.71839, 121.37744, 38.022785])
4.8_NUM
(12217, 46653, 0.0, [29.68665, 121.40263, 38.04667])
4.7_NUM
(12273, 46653, 0.0, [29.73127, 121.36974, 38.01879])
4.1_NUM
(12525, 46653, 0.0, [29.81319, 121.3031, 37.95463])
4.4_NUM
(12685, 46653, 0.0, [29.73136, 121.36869, 38.0166])
3.9_NUM
(13078, 46653, 0.0, [29.83355, 121.29552, 37.95599])
4.0_NUM
(10905, 30514, 0.0, [29.57182, 121.49097, 38.142384])
4.6_NUM
(11776, 30514, 0.0, [29.6227, 121.4519, 38.08971])
4.5_NUM
(6772, 29470, 0.0, [29.4812, 121.55698, 38.215473])
5.5_NUM
(8714, 29470, 0.0, [29.37035, 121.641525, 38.27471])
5.0_NUM
(12142, 29470, 0.0, [29.43266, 121.595474, 38.21659])
5.2_NUM
(12467, 29470, 0.0, [29.3959, 121.62207, 38.23638])
5.3_NUM
(12883, 29470, 0.0, [29.39303, 121.627686, 38.24181])
6.4_NUM
(13384, 29470, 0.0, [29.32369, 121.67649, 38.26657])
4.9_NUM
(13588, 29470, 0.0, [29.46828, 121.570145, 38.186443])
7.5_NUM
(8111, 28514, 0.0, [29.34793, 121.65931, 38.29784])
6.5_NUM
(8544, 28514, 0.0, [29.35385, 121.65482, 38.285])
5.7_NUM
(12760, 28514, 0.0, [29.30268, 121.69721, 38.300694])
34.5_NUM
(32864, 28237, 0.0, [23.16322, 126.56231, 43.71065])
36.5_NUM
(35854, 28237, 0.0, [23.11421, 126.597275, 43.7607])
33.8_NUM
(36228, 28237, 0.0, [23.21743, 126.51838, 43.65284])
34.6_NUM
(37085, 28237, 0.0, [23.12694, 126.592316, 43.76981])
35.8_NUM
(37209, 28237, 0.0, [23.12544, 126.58968, 43.75394])
34.1_NUM
(37262, 28237, 0.0, [23.20059, 126.5393, 43.67752])
35.7_NUM
(37393, 28237, 0.0, [23.08185, 126.63089, 43.79847])
34.4_NUM
(37421, 28237, 0.0, [23.20536, 126.53216, 43.68607])
34.3_NUM
(37733, 28237, 0.0, [23.21538, 126.52059, 43.6584])
35.6_NUM
(37938, 28237, 0.0, [23.06341, 126.64141, 43.819263])
35.2_NUM
(38261, 28237, 0.0, [23.02718, 126.674934, 43.85327])
36.8_NUM
(39451, 28237, 0.0, [23.09761, 126.60632, 43.7846])
35.9_NUM
(39783, 28237, 0.0, [22.97129, 126.720085, 43.91388])
36.1_NUM
(39832, 28237, 0.0, [23.07928, 126.63415, 43.80119])
38.1_NUM
(41109, 28237, 0.0, [23.02624, 126.674774, 43.86417])
36.6_NUM
(42463, 28237, 0.0, [23.01684, 126.67683, 43.86817])
36.3_NUM
(42465, 28237, 0.0, [23.08468, 126.630005, 43.79581])
35.0_NUM
(42741, 28237, 0.0, [23.10143, 126.62228, 43.86211])
36.0_NUM
(43225, 28237, 0.0, [23.02477, 126.68439, 43.9431])
34.0_NUM
(43349, 28237, 0.0, [23.18169, 126.560745, 43.78393])
38.4_NUM
(44303, 28237, 0.0, [23.04624, 126.65897, 43.84246])
36.9_NUM
(44367, 28237, 0.0, [23.10062, 126.615, 43.78129])
33.5_NUM
(32048, 28147, 0.0, [23.42062, 126.357635, 43.44042])
35.4_NUM
(35375, 28147, 0.0, [23.41731, 126.36074, 43.44573])
35.1_NUM
(36501, 28147, 0.0, [23.389475, 126.38239, 43.47888])
34.2_NUM
(37451, 28147, 0.0, [23.31549, 126.44112, 43.55583])
34.7_NUM
(38179, 28147, 0.0, [23.36608, 126.392265, 43.48692])
34.9_NUM
(38547, 28147, 0.0, [23.3466, 126.41748, 43.5262])
33.0_NUM
(40200, 28147, 0.0, [23.51226, 126.29404, 43.41149])
33.4_NUM
(42293, 28147, 0.0, [23.38623, 126.386696, 43.47966])
33.3_NUM
(22135, 28070, 0.0, [23.77639, 126.080765, 43.09031])
32.4_NUM
(27970, 28070, 0.0, [23.82669, 126.03439, 43.04827])
30.0_NUM
(30127, 28070, 0.0, [23.8455, 126.03573, 43.08964])
30.1_NUM
(30554, 28070, 0.0, [23.83639, 126.02244, 42.99063])
30.7_NUM
(32052, 28070, 0.0, [23.8485, 126.012726, 42.99369])
32.1_NUM
(32750, 28070, 0.0, [23.87422, 125.999016, 42.98564])
32.2_NUM
(33262, 28070, 0.0, [23.91174, 125.95905, 42.97044])
31.0_NUM
(33863, 28070, 0.0, [23.69841, 126.15163, 43.23262])
32.8_NUM
(34669, 28070, 0.0, [23.69682, 126.13706, 43.15649])
31.9_NUM
(34814, 28070, 0.0, [23.70137, 126.12493, 43.15992])
33.6_NUM
(35374, 28070, 0.0, [23.78025, 126.06848, 43.07756])
33.1_NUM
(36752, 28070, 0.0, [23.68361, 126.14795, 43.173264])
33.2_NUM
(37985, 28070, 0.0, [23.68398, 126.14759, 43.1727])
32.0_NUM
(38399, 28070, 0.0, [23.73382, 126.117615, 43.18516])
23.5_NUM
(20786, 27962, 0.0, [24.6665, 125.3774, 42.157124])
23.1_NUM
(24059, 27962, 0.0, [24.64193, 125.38388, 42.16629])
23.8_NUM
(24255, 27962, 0.0, [24.70675, 125.33216, 42.10289])
24.6_NUM
(24477, 27962, 0.0, [24.64841, 125.38284, 42.16914])
23.3_NUM
(24489, 27962, 0.0, [24.71981, 125.3219, 42.08824])
22.4_NUM
(25216, 27962, 0.0, [24.74855, 125.3014, 42.06598])
23.4_NUM
(25504, 27962, 0.0, [24.69669, 125.34248, 42.11449])
22.9_NUM
(25690, 27962, 0.0, [24.73372, 125.31295, 42.07821])
23.7_NUM
(25738, 27962, 0.0, [24.68324, 125.3491, 42.12986])
22.3_NUM
(25770, 27962, 0.0, [24.85344, 125.2213, 41.96155])
25.1_NUM
(26443, 27962, 0.0, [24.79116, 125.25978, 42.01185])
22.1_NUM
(26786, 27962, 0.0, [24.84456, 125.22774, 41.95859])
32.6_NUM
(34103, 27757, 0.0, [23.23952, 126.49888, 43.62838])
35.5_NUM
(34556, 27757, 0.0, [23.24944, 126.4954, 43.62199])
22.5_NUM
(19066, 27692, 0.0, [25.11851, 125.026764, 41.77411])
22.2_NUM
(23180, 27692, 0.0, [25.06167, 125.05236, 41.75019])
21.6_NUM
(24560, 27692, 0.0, [25.12007, 125.01938, 41.70721])
19.2_NUM
(24931, 27692, 0.0, [25.0919, 125.03489, 41.723175])
20.4_NUM
(25937, 27692, 0.0, [25.054285, 125.090355, 41.76858])
21.9_NUM
(26191, 27692, 0.0, [25.05174, 125.06144, 41.76408])
21.8_NUM
(26228, 27692, 0.0, [24.98813, 125.120094, 41.82939])
21.2_NUM
(26686, 27692, 0.0, [25.09781, 125.02735, 41.71885])
17.5_NUM
(19362, 27690, 0.0, [26.522085, 123.91021, 40.44965])
15.5_NUM
(19868, 27690, 0.0, [26.55577, 123.88191, 40.41508])
14.3_NUM
(19895, 27690, 0.0, [26.49714, 123.91139, 40.40198])
16.7_NUM
(20192, 27690, 0.0, [26.47276, 123.930824, 40.42555])
18.5_NUM
(20734, 27690, 0.0, [26.40586, 123.997856, 40.5479])
15.4_NUM
(22479, 27690, 0.0, [26.46265, 123.94058, 40.434464])
14.6_NUM
(22774, 27690, 0.0, [26.47985, 123.92432, 40.41655])
15.2_NUM
(23168, 27690, 0.0, [26.56053, 123.86339, 40.34689])
15.6_NUM
(23470, 27690, 0.0, [26.36323, 124.01969, 40.5219])
15.8_NUM
(24085, 27690, 0.0, [26.416895, 123.97824, 40.47683])
15.3_NUM
(24544, 27690, 0.0, [26.5377, 123.88141, 40.36718])
16.4_NUM
(24669, 27690, 0.0, [26.46602, 123.93874, 40.43214])
16.3_NUM
(24763, 27690, 0.0, [26.40615, 123.98623, 40.49137])
16.1_NUM
(24810, 27690, 0.0, [26.53833, 123.882454, 40.36888])
15.7_NUM
(25074, 27690, 0.0, [26.37434, 124.01101, 40.51512])
15.9_NUM
(25096, 27690, 0.0, [26.36172, 124.02179, 40.53205])
18.6_NUM
(25405, 27690, 0.0, [26.31965, 124.057915, 40.55478])
16.8_NUM
(25500, 27690, 0.0, [26.31617, 124.05575, 40.56161])
17.2_NUM
(25576, 27690, 0.0, [26.30219, 124.07212, 40.5805])
16.0_NUM
(30116, 27690, 0.0, [26.50124, 123.91599, 40.50918])
52.0_NUM
(58183, 27550, 0.0, [20.37801, 128.91008, 47.011086])
49.5_NUM
(38750, 27494, 0.0, [20.23383, 128.90932, 47.02046])
52.5_NUM
(39284, 27494, 0.0, [20.2366, 128.92223, 47.037045])
51.5_NUM
(41870, 27494, 0.0, [20.15828, 128.98262, 47.12501])
48.8_NUM
(42173, 27494, 0.0, [20.26518, 128.90428, 47.017094])
50.8_NUM
(42479, 27494, 0.0, [20.16964, 128.97273, 47.1139])
49.6_NUM
(42926, 27494, 0.0, [20.29048, 128.8569, 46.95288])
50.3_NUM
(43048, 27494, 0.0, [20.28888, 128.85547, 46.946255])
50.4_NUM
(43130, 27494, 0.0, [20.28958, 128.85736, 46.96194])
50.2_NUM
(43685, 27494, 0.0, [20.24606, 128.89803, 47.013954])
49.2_NUM
(43726, 27494, 0.0, [20.27739, 128.87817, 46.97354])
49.4_NUM
(44346, 27494, 0.0, [20.25332, 128.89513, 46.996674])
48.4_NUM
(44356, 27494, 0.0, [20.29749, 128.86116, 46.957214])
50.6_NUM
(44377, 27494, 0.0, [20.16827, 128.97273, 47.118786])
49.3_NUM
(44389, 27494, 0.0, [20.16494, 128.96898, 47.11421])
49.7_NUM
(44712, 27494, 0.0, [20.26532, 128.87396, 46.9776])
51.3_NUM
(44894, 27494, 0.0, [20.21518, 128.92856, 47.05068])
50.1_NUM
(44941, 27494, 0.0, [20.18697, 128.95422, 47.08793])
50.7_NUM
(45155, 27494, 0.0, [20.16557, 128.97748, 47.12052])
51.2_NUM
(45230, 27494, 0.0, [20.16957, 128.97499, 47.11506])
48.7_NUM
(45447, 27494, 0.0, [20.27238, 128.88889, 46.98499])
51.6_NUM
(45531, 27494, 0.0, [20.22511, 128.92311, 47.042118])
49.1_NUM
(45740, 27494, 0.0, [20.23124, 128.91586, 47.04088])
51.1_NUM
(46012, 27494, 0.0, [20.08966, 129.05089, 47.22507])
48.1_NUM
(46349, 27494, 0.0, [20.12304, 128.9969, 47.147465])
51.9_NUM
(46603, 27494, 0.0, [20.16015, 128.96927, 47.119144])
48.2_NUM
(46634, 27494, 0.0, [20.24952, 128.90355, 47.012005])
49.9_NUM
(47163, 27494, 0.0, [20.25097, 128.89732, 47.00397])
50.9_NUM
(47608, 27494, 0.0, [20.1494, 128.99426, 47.14527])
51.8_NUM
(48490, 27494, 0.0, [20.1759, 128.96881, 47.11084])
47.9_NUM
(50219, 27494, 0.0, [20.28743, 128.88284, 46.9761])
52.1_NUM
(51140, 27494, 0.0, [20.14072, 129.00314, 47.157352])
52.3_NUM
(51678, 27494, 0.0, [20.1098, 129.02959, 47.2009])
52.2_NUM
(52600, 27494, 0.0, [20.17019, 128.97874, 47.11944])
53.6_NUM
(61627, 27494, 0.0, [20.09695, 129.04282, 47.21933])
55.5_NUM
(63998, 27491, 0.0, [19.21505, 129.91621, 48.45065])
55.2_NUM
(65395, 27491, 0.0, [19.27026, 129.86057, 48.290787])
55.4_NUM
(66764, 27491, 0.0, [19.28774, 129.83612, 48.35149])
58.2_NUM
(67774, 27491, 0.0, [19.16728, 129.9598, 48.554207])
58.1_NUM
(67855, 27491, 0.0, [19.14715, 129.97704, 48.583164])
58.4_NUM
(68170, 27491, 0.0, [19.22072, 129.91156, 48.537815])
15.0_NUM
(28856, 27461, 0.0, [26.69445, 123.757164, 40.29328])
54.5_NUM
(51926, 27450, 0.0, [19.77577, 129.34119, 47.7469])
53.7_NUM
(59685, 27450, 0.0, [19.78494, 129.3496, 47.65084])
54.7_NUM
(61979, 27450, 0.0, [19.77922, 129.34319, 47.78621])
54.6_NUM
(68090, 27450, 0.0, [19.72027, 129.3895, 47.754143])
54.9_NUM
(68274, 27450, 0.0, [19.81574, 129.33502, 47.77786])
54.0_NUM
(74828, 27450, 0.0, [19.90632, 129.367, 47.64408])
55.0_NUM
(76397, 27450, 0.0, [19.92882, 129.34691, 47.61471])
58.0_NUM
(94143, 27443, 0.0, [19.75962, 129.51485, 47.84383])
9.4_NUM
(16822, 27264, 0.0, [28.08992, 122.62131, 39.13041])
39.5_NUM
(42098, 27240, 0.0, [22.33668, 127.21504, 44.57682])
39.4_NUM
(45836, 27240, 0.0, [22.38511, 127.17731, 44.52833])
51.7_NUM
(44512, 27234, 0.0, [20.03137, 129.10661, 47.30246])
52.6_NUM
(49727, 27234, 0.0, [20.00884, 129.1239, 47.3548])
52.9_NUM
(51798, 27234, 0.0, [20.01287, 129.1085, 47.33604])
52.8_NUM
(54952, 27234, 0.0, [19.9895, 129.15948, 47.38072])
53.1_NUM
(57787, 27234, 0.0, [19.98456, 129.15913, 47.375114])
53.4_NUM
(58497, 27234, 0.0, [20.04248, 129.0943, 47.306137])
53.9_NUM
(60835, 27234, 0.0, [19.98539, 129.14793, 47.418564])
54.3_NUM
(62630, 27234, 0.0, [20.047085, 129.09941, 47.29838])
52.4_NUM
(51097, 27220, 0.0, [19.96764, 129.17073, 47.39467])
53.2_NUM
(54890, 27220, 0.0, [19.85791, 129.27669, 47.547115])
52.7_NUM
(55716, 27220, 0.0, [19.93201, 129.20274, 47.43729])
39.0_NUM
(56265, 27186, 0.0, [22.40874, 127.18297, 44.66144])
25.0_NUM
(22510, 27156, 0.0, [24.3505, 125.63019, 42.55435])
24.5_NUM
(22799, 27156, 0.0, [24.41511, 125.604805, 42.40725])
27.3_NUM
(23994, 27156, 0.0, [24.30292, 125.64876, 42.51357])
25.6_NUM
(24141, 27156, 0.0, [24.41622, 125.56005, 42.40563])
26.2_NUM
(24292, 27156, 0.0, [24.41013, 125.56703, 42.4055])
26.7_NUM
(24358, 27156, 0.0, [24.31112, 125.63264, 42.50385])
25.4_NUM
(24376, 27156, 0.0, [24.42252, 125.55582, 42.3984])
24.4_NUM
(24407, 27156, 0.0, [24.46894, 125.51762, 42.346523])
25.8_NUM
(24782, 27156, 0.0, [24.41431, 125.556755, 42.39673])
25.7_NUM
(24833, 27156, 0.0, [24.42212, 125.55772, 42.39743])
26.8_NUM
(24950, 27156, 0.0, [24.43098, 125.549805, 42.38244])
25.9_NUM
(25175, 27156, 0.0, [24.37245, 125.59376, 42.4451])
26.4_NUM
(25205, 27156, 0.0, [24.41714, 125.56136, 42.39797])
27.8_NUM
(25429, 27156, 0.0, [24.30597, 125.64532, 42.52293])
29.5_NUM
(25617, 27156, 0.0, [24.41111, 125.57402, 42.40736])
27.4_NUM
(25808, 27156, 0.0, [24.38497, 125.58777, 42.43334])
26.6_NUM
(25815, 27156, 0.0, [24.4412, 125.53782, 42.37029])
26.9_NUM
(26026, 27156, 0.0, [24.3202, 125.63757, 42.49947])
25.3_NUM
(26155, 27156, 0.0, [24.46097, 125.52584, 42.35269])
27.1_NUM
(26224, 27156, 0.0, [24.3105, 125.64596, 42.509365])
28.3_NUM
(26238, 27156, 0.0, [24.37245, 125.59873, 42.451714])
30.5_NUM
(26300, 27156, 0.0, [24.3396, 125.63504, 42.484863])
27.7_NUM
(26469, 27156, 0.0, [24.37286, 125.58742, 42.45134])
27.2_NUM
(26495, 27156, 0.0, [24.30979, 125.64478, 42.5114])
24.9_NUM
(26829, 27156, 0.0, [24.46525, 125.52089, 42.35007])
28.9_NUM
(27134, 27156, 0.0, [24.32511, 125.63211, 42.50506])
31.5_NUM
(27981, 27156, 0.0, [24.40635, 125.578926, 42.42208])
28.7_NUM
(27993, 27156, 0.0, [24.30873, 125.64436, 42.51209])
32.5_NUM
(28005, 27156, 0.0, [24.31591, 125.65607, 42.51136])
29.6_NUM
(28460, 27156, 0.0, [24.3378, 125.6186, 42.51078])
29.9_NUM
(29325, 27156, 0.0, [24.32453, 125.6325, 42.49811])
29.8_NUM
(30095, 27156, 0.0, [24.32866, 125.63223, 42.50191])
24.0_NUM
(30113, 27156, 0.0, [24.31365, 125.65144, 42.56308])
23.0_NUM
(30733, 27156, 0.0, [24.30694, 125.655876, 42.56113])
13.5_NUM
(16406, 27155, 0.0, [26.83093, 123.65885, 40.16896])
14.5_NUM
(17496, 27155, 0.0, [26.85931, 123.633896, 40.14315])
16.5_NUM
(19396, 27155, 0.0, [26.95077, 123.53437, 40.02411])
11.8_NUM
(19575, 27155, 0.0, [26.91023, 123.57724, 40.05205])
11.3_NUM
(19597, 27155, 0.0, [26.87264, 123.607506, 40.08065])
11.6_NUM
(19714, 27155, 0.0, [26.90424, 123.581535, 40.04744])
11.7_NUM
(20113, 27155, 0.0, [26.76449, 123.69333, 40.16276])
12.3_NUM
(20215, 27155, 0.0, [26.82418, 123.648285, 40.113])
13.3_NUM
(20388, 27155, 0.0, [26.69475, 123.75366, 40.23236])
13.6_NUM
(20405, 27155, 0.0, [26.78005, 123.68403, 40.15141])
12.8_NUM
(20503, 27155, 0.0, [26.90956, 123.57136, 40.04051])
11.9_NUM
(20939, 27155, 0.0, [26.77449, 123.688576, 40.15993])
12.6_NUM
(21250, 27155, 0.0, [26.82434, 123.64679, 40.11035])
12.4_NUM
(21285, 27155, 0.0, [26.80457, 123.66435, 40.13067])
13.8_NUM
(21371, 27155, 0.0, [26.83958, 123.63495, 40.10092])
12.9_NUM
(21641, 27155, 0.0, [26.82187, 123.64978, 40.12606])
13.4_NUM
(22476, 27155, 0.0, [26.78611, 123.67725, 40.14673])
14.2_NUM
(22867, 27155, 0.0, [26.90041, 123.58707, 40.04518])
13.7_NUM
(23102, 27155, 0.0, [26.74623, 123.71008, 40.18188])
14.7_NUM
(23197, 27155, 0.0, [26.72978, 123.72462, 40.19658])
14.4_NUM
(23461, 27155, 0.0, [26.954195, 123.510704, 39.99671])
13.9_NUM
(23507, 27155, 0.0, [26.76142, 123.69905, 40.16967])
12.0_NUM
(24264, 27155, 0.0, [26.90083, 123.59136, 40.10718])
14.9_NUM
(24296, 27155, 0.0, [26.643965, 123.79437, 40.27535])
13.0_NUM
(25052, 27155, 0.0, [26.86465, 123.61925, 40.12665])
14.0_NUM
(27335, 27155, 0.0, [26.80112, 123.67192, 40.19854])
37.5_NUM
(29591, 27152, 0.0, [22.64521, 126.96891, 44.25547])
36.2_NUM
(38899, 27152, 0.0, [22.81501, 126.84722, 44.07629])
36.7_NUM
(41295, 27152, 0.0, [22.78473, 126.858505, 44.1069])
37.1_NUM
(41946, 27152, 0.0, [22.73139, 126.90267, 44.1648])
37.2_NUM
(42358, 27152, 0.0, [22.70166, 126.92308, 44.19818])
37.3_NUM
(43283, 27152, 0.0, [22.80123, 126.8486, 44.08817])
37.6_NUM
(43407, 27152, 0.0, [22.79044, 126.857605, 44.10427])
37.7_NUM
(45243, 27152, 0.0, [22.77896, 126.86612, 44.11599])
37.9_NUM
(45586, 27152, 0.0, [22.73018, 126.90469, 44.1662])
14.8_NUM
(23737, 27133, 0.0, [26.61768, 123.81583, 40.28506])
16.2_NUM
(24235, 27133, 0.0, [26.59437, 123.83525, 40.31801])
15.1_NUM
(26046, 27133, 0.0, [26.61609, 123.818115, 40.30271])
9.2_NUM
(15582, 27096, 0.0, [28.5543, 122.26336, 38.80452])
9.1_NUM
(15752, 27096, 0.0, [28.53409, 122.284775, 38.82252])
8.9_NUM
(16180, 27096, 0.0, [28.59787, 122.23713, 38.7832])
7.3_NUM
(13703, 27089, 0.0, [28.95882, 121.964554, 38.537235])
8.3_NUM
(14033, 27089, 0.0, [28.85682, 122.04458, 38.6132])
7.8_NUM
(14096, 27089, 0.0, [28.95174, 121.97009, 38.54156])
7.6_NUM
(14147, 27089, 0.0, [28.95038, 121.97223, 38.54289])
11.5_NUM
(14890, 27066, 0.0, [27.0579, 123.48111, 39.99012])
11.0_NUM
(23605, 27066, 0.0, [27.01583, 123.49861, 40.006474])
7.7_NUM
(13468, 27065, 0.0, [28.75314, 122.12875, 38.6891])
8.8_NUM
(14408, 27065, 0.0, [28.7526, 122.13036, 38.69074])
8.4_NUM
(15232, 27065, 0.0, [28.80539, 122.08201, 38.64658])
7.9_NUM
(15363, 27065, 0.0, [28.83586, 122.0688, 38.635014])
8.6_NUM
(15402, 27065, 0.0, [28.7403, 122.1346, 38.6951])
8.7_NUM
(15830, 27065, 0.0, [28.68768, 122.170845, 38.72327])
9.0_NUM
(17557, 27065, 0.0, [28.82669, 122.06845, 38.64891])
53.8_NUM
(53271, 27022, 0.0, [19.56182, 129.5674, 47.9512])
54.8_NUM
(57579, 27022, 0.0, [19.44116, 129.68701, 48.14173])
54.1_NUM
(63503, 27022, 0.0, [19.36528, 129.77122, 48.22893])
54.4_NUM
(65042, 27022, 0.0, [19.415695, 129.70714, 48.164906])
55.3_NUM
(67146, 27022, 0.0, [19.48483, 129.65193, 48.0978])
56.0_NUM
(80094, 27022, 0.0, [19.55194, 129.71967, 48.112854])
57.0_NUM
(94796, 27022, 0.0, [19.60926, 129.65654, 48.030067])
38.5_NUM
(35814, 26968, 0.0, [22.932455, 126.740364, 43.94565])
37.8_NUM
(35995, 26968, 0.0, [22.9251, 126.74806, 43.95617])
36.4_NUM
(37011, 26968, 0.0, [22.95123, 126.72959, 43.95013])
33.7_NUM
(37569, 26968, 0.0, [22.88389, 126.82919, 43.99304])
38.2_NUM
(40841, 26968, 0.0, [22.836115, 126.82778, 44.0664])
38.9_NUM
(45939, 26968, 0.0, [22.88953, 126.74777, 44.00702])
37.0_NUM
(49112, 26968, 0.0, [22.92604, 126.76337, 44.05395])
26.1_NUM
(25469, 26904, 0.0, [24.10872, 125.8449, 42.70603])
27.9_NUM
(26965, 26904, 0.0, [24.04971, 125.85157, 42.78819])
29.1_NUM
(28473, 26904, 0.0, [24.06559, 125.84006, 42.77406])
30.2_NUM
(29915, 26904, 0.0, [23.99547, 125.90015, 42.8477])
31.3_NUM
(30618, 26904, 0.0, [24.05847, 125.84465, 42.79633])
29.0_NUM
(31883, 26904, 0.0, [24.0111, 125.89153, 42.87962])
31.2_NUM
(32519, 26904, 0.0, [24.0168, 125.88162, 42.81759])
32.9_NUM
(36381, 26904, 0.0, [24.01925, 125.87769, 42.81995])
8.5_NUM
(10223, 26840, 0.0, [29.25175, 121.734314, 38.35655])
5.1_NUM
(11185, 26840, 0.0, [29.20088, 121.77327, 38.3722])
5.6_NUM
(12323, 26840, 0.0, [29.29151, 121.70287, 38.30707])
6.3_NUM
(12552, 26840, 0.0, [29.2517, 121.735085, 38.33168])
5.4_NUM
(12663, 26840, 0.0, [29.25646, 121.732506, 38.33318])
7.1_NUM
(13116, 26840, 0.0, [29.12399, 121.83074, 38.41851])
5.8_NUM
(13174, 26840, 0.0, [29.19959, 121.77593, 38.36709])
6.1_NUM
(13231, 26840, 0.0, [29.19528, 121.77699, 38.37008])
6.2_NUM
(13265, 26840, 0.0, [29.24319, 121.74112, 38.33965])
6.0_NUM
(13392, 26840, 0.0, [29.18183, 121.78932, 38.39109])
6.6_NUM
(13607, 26840, 0.0, [29.16867, 121.80166, 38.39214])
5.9_NUM
(13611, 26840, 0.0, [29.1542, 121.81772, 38.41011])
27.5_NUM
(21744, 26837, 0.0, [24.50804, 125.50296, 42.31193])
24.3_NUM
(24243, 26837, 0.0, [24.52212, 125.47867, 42.28022])
24.8_NUM
(24805, 26837, 0.0, [24.50003, 125.49928, 42.31694])
55.1_NUM
(73931, 26837, 0.0, [19.30796, 129.83214, 48.32308])
40.0_NUM
(41561, 26821, 0.0, [22.59785, 127.03923, 44.45886])
40.5_NUM
(42211, 26821, 0.0, [22.43218, 127.14045, 44.48366])
38.6_NUM
(43910, 26821, 0.0, [22.48657, 127.09505, 44.4187])
39.6_NUM
(44844, 26821, 0.0, [22.45983, 127.11021, 44.45018])
38.7_NUM
(45682, 26821, 0.0, [22.53051, 127.057434, 44.38007])
37.4_NUM
(46433, 26821, 0.0, [22.59669, 127.010056, 44.30315])
38.8_NUM
(46690, 26821, 0.0, [22.52466, 127.0685, 44.37821])
39.8_NUM
(50953, 26821, 0.0, [22.48009, 127.10338, 44.43041])
38.0_NUM
(51713, 26821, 0.0, [22.5181, 127.096565, 44.53593])
30.8_NUM
(27619, 26818, 0.0, [24.12967, 125.78684, 42.70357])
29.4_NUM
(27908, 26818, 0.0, [24.09299, 125.81624, 42.7378])
29.3_NUM
(28198, 26818, 0.0, [24.07764, 125.829605, 42.75487])
29.7_NUM
(29211, 26818, 0.0, [24.17185, 125.75017, 42.6527])
27.0_NUM
(29425, 26818, 0.0, [24.13408, 125.793686, 42.743835])
28.0_NUM
(30033, 26818, 0.0, [24.10509, 125.81767, 42.78109])
30.3_NUM
(30411, 26818, 0.0, [24.1856, 125.7434, 42.64196])
31.6_NUM
(31394, 26818, 0.0, [24.16269, 125.76025, 42.66969])
31.1_NUM
(32064, 26818, 0.0, [24.17811, 125.75216, 42.6493])
31.8_NUM
(33574, 26818, 0.0, [24.12514, 125.78536, 42.750015])
12.5_NUM
(12162, 26800, 0.0, [26.96762, 123.554146, 40.06245])
11.4_NUM
(19305, 26800, 0.0, [26.98609, 123.51603, 39.97901])
12.2_NUM
(20370, 26800, 0.0, [26.97787, 123.52373, 39.9917])
13.1_NUM
(22336, 26800, 0.0, [26.9919, 123.508064, 39.97231])
14.1_NUM
(22901, 26800, 0.0, [26.99418, 123.509254, 39.97731])
44.1_NUM
(45290, 26776, 0.0, [21.70915, 127.71956, 45.28237])
43.2_NUM
(48671, 26776, 0.0, [21.67237, 127.749985, 45.30999])
43.8_NUM
(50508, 26776, 0.0, [21.68194, 127.72133, 45.32511])
43.6_NUM
(50865, 26776, 0.0, [21.66107, 127.757324, 45.33702])
44.6_NUM
(52934, 26776, 0.0, [21.69308, 127.73546, 45.30111])
43.3_NUM
(53144, 26776, 0.0, [21.697275, 127.732216, 45.29129])
43.9_NUM
(58079, 26776, 0.0, [21.64267, 127.77273, 45.35206])
9.3_NUM
(16017, 26724, 0.0, [28.35454, 122.43544, 38.97052])
48.5_NUM
(37963, 26694, 0.0, [20.39745, 128.78012, 46.82841])
47.5_NUM
(39957, 26694, 0.0, [20.40954, 128.77124, 46.813736])
48.3_NUM
(43540, 26694, 0.0, [20.34908, 128.82857, 46.88819])
49.8_NUM
(45301, 26694, 0.0, [20.5164, 128.62999, 46.743206])
47.2_NUM
(45359, 26694, 0.0, [20.412695, 128.77495, 46.80132])
48.9_NUM
(45797, 26694, 0.0, [20.34305, 128.81622, 46.896233])
47.1_NUM
(46136, 26694, 0.0, [20.52043, 128.6812, 46.671448])
51.4_NUM
(46405, 26694, 0.0, [20.36704, 128.78122, 46.847424])
47.8_NUM
(47923, 26694, 0.0, [20.380375, 128.78587, 46.85473])
47.7_NUM
(48592, 26694, 0.0, [20.56557, 128.60663, 46.66908])
53.5_NUM
(49231, 26694, 0.0, [20.43114, 128.72348, 46.78449])
46.8_NUM
(49865, 26694, 0.0, [20.48644, 128.70908, 46.73252])
47.3_NUM
(50177, 26694, 0.0, [20.47583, 128.72429, 46.730328])
47.4_NUM
(50243, 26694, 0.0, [20.39058, 128.79108, 46.837387])
46.6_NUM
(51762, 26694, 0.0, [20.38249, 128.79918, 46.863464])
48.0_NUM
(52319, 26694, 0.0, [20.46831, 128.82988, 46.90084])
49.0_NUM
(52661, 26694, 0.0, [20.61229, 128.67802, 46.704865])
51.0_NUM
(55400, 26694, 0.0, [20.490305, 128.79968, 46.85651])
47.0_NUM
(62792, 26694, 0.0, [20.55253, 128.74509, 46.786095])
53.0_NUM
(70684, 26694, 0.0, [20.47753, 128.81606, 46.889397])
10.5_NUM
(12766, 26657, 0.0, [27.12489, 123.4255, 39.93194])
12.7_NUM
(16537, 26657, 0.0, [27.13181, 123.40772, 39.88719])
10.2_NUM
(17594, 26657, 0.0, [27.28249, 123.27416, 39.74257])
11.2_NUM
(19404, 26657, 0.0, [27.11989, 123.40617, 39.87135])
13.2_NUM
(20561, 26657, 0.0, [27.02618, 123.48442, 39.9466])
12.1_NUM
(20742, 26657, 0.0, [27.06364, 123.454254, 39.92323])
48.6_NUM
(42414, 26647, 0.0, [20.31668, 128.84814, 46.93249])
47.6_NUM
(47545, 26647, 0.0, [20.32058, 128.84326, 46.92467])
53.3_NUM
(48437, 26647, 0.0, [20.33938, 128.83463, 46.907677])
41.7_NUM
(45830, 26629, 0.0, [21.97307, 127.50727, 44.97517])
42.2_NUM
(49200, 26629, 0.0, [21.98069, 127.50461, 44.97262])
41.0_NUM
(61909, 26629, 0.0, [21.97941, 127.52905, 45.15763])
21.5_NUM
(22279, 26608, 0.0, [25.37336, 124.81807, 41.49226])
20.0_NUM
(24509, 26608, 0.0, [25.53103, 124.68676, 41.36652])
21.7_NUM
(24589, 26608, 0.0, [25.33293, 124.83908, 41.49874])
21.3_NUM
(25124, 26608, 0.0, [25.36386, 124.8167, 41.46057])
20.3_NUM
(25844, 26608, 0.0, [25.40412, 124.78616, 41.4241])
20.6_NUM
(25877, 26608, 0.0, [25.42417, 124.76778, 41.40784])
20.7_NUM
(26212, 26608, 0.0, [25.45558, 124.74513, 41.37403])
20.2_NUM
(26581, 26608, 0.0, [25.47853, 124.72802, 41.35121])
non-family_NOUN
(3365, 26587, 0.0, [23.83004, 126.153404, 43.36801])
59.0_NUM
(88665, 26586, 0.0, [19.65066, 129.6161, 47.978664])
20.5_NUM
(23395, 26559, 0.0, [25.82268, 124.45627, 41.05405])
18.8_NUM
(24614, 26559, 0.0, [25.75695, 124.50222, 41.06056])
19.7_NUM
(26092, 26559, 0.0, [25.82106, 124.45282, 41.02968])
18.9_NUM
(26391, 26559, 0.0, [25.89147, 124.39741, 40.96013])
19.3_NUM
(26627, 26559, 0.0, [25.8932, 124.39704, 40.9585])
19.0_NUM
(30663, 26559, 0.0, [25.95283, 124.349304, 40.95787])
18.0_NUM
(32344, 26559, 0.0, [25.95024, 124.352234, 40.95778])
54.2_NUM
(62984, 26518, 0.0, [19.58695, 129.55098, 47.93031])
39.7_NUM
(38286, 26437, 0.0, [22.25622, 127.29217, 44.67094])
42.5_NUM
(41083, 26437, 0.0, [22.30259, 127.23622, 44.61628])
41.5_NUM
(42671, 26437, 0.0, [22.01567, 127.470116, 44.92786])
41.4_NUM
(43875, 26437, 0.0, [22.224, 127.314415, 44.70366])
39.3_NUM
(44384, 26437, 0.0, [22.20625, 127.316, 44.72025])
39.1_NUM
(46007, 26437, 0.0, [22.25555, 127.28384, 44.6683])
40.1_NUM
(46361, 26437, 0.0, [22.23226, 127.308014, 44.69853])
39.2_NUM
(46867, 26437, 0.0, [22.27444, 127.267815, 44.64936])
41.2_NUM
(46889, 26437, 0.0, [22.17282, 127.34821, 44.75941])
40.6_NUM
(47117, 26437, 0.0, [22.13478, 127.379234, 44.80462])
40.4_NUM
(47612, 26437, 0.0, [22.23454, 127.27445, 44.70491])
40.2_NUM
(47773, 26437, 0.0, [22.18658, 127.32933, 44.73244])
40.3_NUM
(48374, 26437, 0.0, [22.05614, 127.439606, 44.88491])
42.4_NUM
(48945, 26437, 0.0, [22.0138, 127.475235, 44.93156])
40.7_NUM
(49137, 26437, 0.0, [22.02804, 127.46375, 44.91794])
41.8_NUM
(49734, 26437, 0.0, [22.06591, 127.4339, 44.87647])
41.3_NUM
(49801, 26437, 0.0, [22.10816, 127.39824, 44.83315])
39.9_NUM
(50059, 26437, 0.0, [22.09458, 127.40308, 44.85108])
41.1_NUM
(50702, 26437, 0.0, [22.16411, 127.355255, 44.76636])
40.9_NUM
(50827, 26437, 0.0, [22.12476, 127.38431, 44.809673])
41.9_NUM
(51695, 26437, 0.0, [22.00829, 127.47909, 44.93999])
19.5_NUM
(23072, 26434, 0.0, [26.1478, 124.20029, 40.79103])
18.2_NUM
(23884, 26434, 0.0, [26.16112, 124.18148, 40.70621])
17.4_NUM
(25654, 26434, 0.0, [26.16076, 124.18245, 40.70827])
18.4_NUM
(25727, 26434, 0.0, [26.07797, 124.25004, 40.7843])
17.9_NUM
(25786, 26434, 0.0, [26.06922, 124.25558, 40.79208])
17.1_NUM
(26121, 26434, 0.0, [26.08192, 124.246735, 40.789165])
17.8_NUM
(26711, 26434, 0.0, [26.10309, 124.22891, 40.76326])
17.7_NUM
(27203, 26434, 0.0, [26.02192, 124.293175, 40.82922])
18.1_NUM
(27307, 26434, 0.0, [26.12746, 124.21142, 40.74251])
43.4_NUM
(53381, 26428, 0.0, [21.99448, 127.48906, 44.95305])
44.2_NUM
(53605, 26428, 0.0, [21.98952, 127.49674, 44.99919])
19.4_NUM
(25829, 26402, 0.0, [25.66477, 124.57748, 41.17647])
19.8_NUM
(26881, 26402, 0.0, [25.680115, 124.565056, 41.15884])
19.6_NUM
(26972, 26402, 0.0, [25.690405, 124.55685, 41.15041])
19.1_NUM
(27799, 26402, 0.0, [25.75363, 124.50791, 41.09851])
19.9_NUM
(28630, 26402, 0.0, [25.65785, 124.58275, 41.18322])
21.1_NUM
(24230, 26368, 0.0, [25.33395, 124.84186, 41.4923])
21.0_NUM
(33226, 26368, 0.0, [25.31119, 124.857925, 41.55414])
50.0_NUM
(29205, 26340, 0.0, [20.65445, 128.6513, 46.66089])
17.6_NUM
(24615, 26252, 0.0, [26.2093, 124.14407, 40.66272])
16.9_NUM
(26019, 26252, 0.0, [26.1865, 124.16162, 40.68731])
17.3_NUM
(26096, 26252, 0.0, [26.19026, 124.16163, 40.68488])
18.3_NUM
(26548, 26252, 0.0, [26.25111, 124.11203, 40.62668])
16.6_NUM
(27232, 26252, 0.0, [26.19379, 124.158066, 40.68237])
17.0_NUM
(32960, 26252, 0.0, [26.25568, 124.10925, 40.68632])
43.5_NUM
(41186, 26237, 0.0, [21.92174, 127.549286, 45.03771])
45.5_NUM
(42618, 26237, 0.0, [21.73155, 127.700554, 45.2557])
42.9_NUM
(44107, 26237, 0.0, [21.78387, 127.65754, 45.19369])
40.8_NUM
(47373, 26237, 0.0, [21.92855, 127.54309, 45.04032])
42.8_NUM
(47931, 26237, 0.0, [21.91115, 127.56208, 45.06239])
42.3_NUM
(50048, 26237, 0.0, [21.93224, 127.54045, 45.0226])
42.6_NUM
(50094, 26237, 0.0, [21.78866, 127.65725, 45.18263])
42.7_NUM
(50233, 26237, 0.0, [21.84216, 127.61305, 45.12626])
42.1_NUM
(50493, 26237, 0.0, [21.91049, 127.558914, 45.04829])
41.6_NUM
(51178, 26237, 0.0, [21.96559, 127.51183, 44.99324])
44.3_NUM
(54502, 26237, 0.0, [21.78899, 127.65584, 45.19121])
43.1_NUM
(54531, 26237, 0.0, [21.94375, 127.531685, 45.01042])
43.7_NUM
(57560, 26237, 0.0, [21.83354, 127.620514, 45.13635])
42.0_NUM
(63625, 26237, 0.0, [21.90417, 127.588425, 45.232723])
44.5_NUM
(42916, 26089, 0.0, [21.5511, 127.84911, 45.46856])
45.2_NUM
(53209, 26089, 0.0, [21.49658, 127.88982, 45.5329])
44.9_NUM
(54910, 26089, 0.0, [21.4726, 127.91222, 45.55306])
44.7_NUM
(55755, 26089, 0.0, [21.53637, 127.866, 45.4817])
43.0_NUM
(65189, 26089, 0.0, [21.62447, 127.83877, 45.57013])
9.5_NUM
(12299, 26012, 0.0, [28.99285, 121.94048, 38.54765])
6.7_NUM
(13124, 26012, 0.0, [28.97591, 121.94895, 38.51896])
6.8_NUM
(13291, 26012, 0.0, [28.9732, 121.95676, 38.53167])
7.2_NUM
(13374, 26012, 0.0, [29.09849, 121.85397, 38.438])
8.1_NUM
(13571, 26012, 0.0, [29.10658, 121.84668, 38.43936])
8.2_NUM
(13866, 26012, 0.0, [29.00258, 121.93, 38.50859])
7.4_NUM
(13886, 26012, 0.0, [29.02269, 121.91618, 38.49373])
6.9_NUM
(14158, 26012, 0.0, [29.06691, 121.880005, 38.46142])
7.0_NUM
(14344, 26012, 0.0, [29.08254, 121.86694, 38.4583])
8.0_NUM
(15429, 26012, 0.0, [29.00124, 121.930405, 38.51704])
44.4_NUM
(43592, 25991, 0.0, [21.6071, 127.80185, 45.40375])
56.3_NUM
(62047, 25902, 0.0, [19.57962, 129.49023, 48.03211])
57.1_NUM
(55794, 25891, 0.0, [18.96006, 130.17725, 48.79376])
56.5_NUM
(59780, 25891, 0.0, [18.9291, 130.19772, 48.837048])
58.5_NUM
(62731, 25891, 0.0, [18.93828, 130.19072, 48.83569])
56.6_NUM
(67403, 25891, 0.0, [18.88338, 130.2488, 48.911358])
55.9_NUM
(67535, 25891, 0.0, [18.94126, 130.1932, 48.82861])
57.6_NUM
(68402, 25891, 0.0, [18.88934, 130.24255, 48.898064])
62.1_NUM
(68951, 25891, 0.0, [18.86869, 130.2579, 48.919167])
56.4_NUM
(72500, 25891, 0.0, [18.94224, 130.18982, 48.823547])
60.2_NUM
(73074, 25891, 0.0, [18.92746, 130.1993, 48.84621])
56.2_NUM
(75601, 25891, 0.0, [18.95892, 130.17029, 48.799484])
58.9_NUM
(76765, 25891, 0.0, [18.86476, 130.26363, 48.93675])
57.2_NUM
(77397, 25891, 0.0, [18.94894, 130.18268, 48.79848])
59.1_NUM
(78415, 25891, 0.0, [18.90757, 130.22406, 48.88128])
63.3_NUM
(82151, 25891, 0.0, [18.87262, 130.26367, 48.92626])
45.7_NUM
(51518, 25839, 0.0, [21.06067, 128.2472, 46.0414])
46.1_NUM
(54332, 25839, 0.0, [21.0503, 128.20425, 46.10211])
45.9_NUM
(54789, 25839, 0.0, [21.06449, 128.24881, 46.047325])
35.3_NUM
(36636, 25834, 0.0, [22.96287, 126.71431, 43.9208])
38.3_NUM
(42460, 25834, 0.0, [22.95559, 126.73017, 43.94121])
62.5_NUM
(48868, 25832, 0.0, [18.97569, 130.16354, 48.818394])
55.6_NUM
(57953, 25832, 0.0, [18.99465, 130.12758, 48.74611])
58.3_NUM
(60186, 25832, 0.0, [19.0529, 130.07393, 48.67862])
55.8_NUM
(61490, 25832, 0.0, [19.03473, 130.0899, 48.707645])
57.8_NUM
(71538, 25832, 0.0, [19.03065, 130.11356, 48.77009])
66.5_NUM
(71764, 25832, 0.0, [19.09741, 130.05405, 48.765873])
61.9_NUM
(72677, 25832, 0.0, [19.03051, 130.11855, 48.829266])
59.3_NUM
(73898, 25832, 0.0, [19.20225, 129.93585, 48.622284])
62.2_NUM
(78640, 25832, 0.0, [18.98418, 130.13544, 48.769455])
60.9_NUM
(79580, 25832, 0.0, [19.07661, 130.06042, 48.73085])
60.1_NUM
(85987, 25832, 0.0, [19.10008, 129.99225, 48.610085])
67.3_NUM
(86925, 25832, 0.0, [19.16404, 129.9809, 48.65876])
66.4_NUM
(90521, 25832, 0.0, [19.050705, 130.04623, 48.70601])
32.7_NUM
(35469, 25809, 0.0, [23.26671, 126.478455, 43.60303])
34.8_NUM
(37064, 25809, 0.0, [23.27849, 126.471146, 43.5934])
33.9_NUM
(37295, 25809, 0.0, [23.2662, 126.48021, 43.6082])
59.5_NUM
(17624, 25753, 0.0, [18.76689, 130.44572, 49.158516])
63.5_NUM
(59119, 25753, 0.0, [18.67663, 130.47388, 49.173527])
61.5_NUM
(59609, 25753, 0.0, [18.83689, 130.30898, 49.01282])
71.6_NUM
(61940, 25753, 0.0, [18.79109, 130.41847, 49.172096])
57.5_NUM
(62654, 25753, 0.0, [18.73616, 130.40265, 49.09471])
58.6_NUM
(64378, 25753, 0.0, [18.8256, 130.3188, 49.0231])
58.8_NUM
(64499, 25753, 0.0, [18.84261, 130.29143, 48.95576])
60.5_NUM
(66943, 25753, 0.0, [18.74848, 130.37657, 49.09451])
57.9_NUM
(67897, 25753, 0.0, [18.84498, 130.28748, 48.95936])
59.4_NUM
(68968, 25753, 0.0, [18.66158, 130.4791, 49.167164])
55.7_NUM
(69102, 25753, 0.0, [18.78656, 130.3539, 49.030025])
60.7_NUM
(69785, 25753, 0.0, [18.8362, 130.30246, 49.01225])
56.1_NUM
(70053, 25753, 0.0, [18.8347, 130.3021, 48.96787])
56.8_NUM
(70151, 25753, 0.0, [18.85286, 130.28494, 48.943604])
57.4_NUM
(71203, 25753, 0.0, [18.75821, 130.38315, 49.068775])
61.7_NUM
(71525, 25753, 0.0, [18.70288, 130.44711, 49.14377])
57.7_NUM
(72846, 25753, 0.0, [18.842375, 130.29454, 48.963856])
59.6_NUM
(74204, 25753, 0.0, [18.81925, 130.31909, 49.00167])
57.3_NUM
(75106, 25753, 0.0, [18.82229, 130.31291, 48.99598])
63.4_NUM
(76100, 25753, 0.0, [18.7616, 130.38152, 49.06894])
60.4_NUM
(76111, 25753, 0.0, [18.77807, 130.36304, 49.047813])
63.2_NUM
(76181, 25753, 0.0, [18.74448, 130.40865, 49.10018])
60.8_NUM
(76679, 25753, 0.0, [18.81552, 130.32394, 49.003567])
58.7_NUM
(76730, 25753, 0.0, [18.85425, 130.28012, 48.95343])
64.4_NUM
(76749, 25753, 0.0, [18.71806, 130.43134, 49.128166])
59.2_NUM
(77355, 25753, 0.0, [18.84859, 130.2901, 48.970512])
60.3_NUM
(77484, 25753, 0.0, [18.83094, 130.30203, 48.97706])
56.9_NUM
(77505, 25753, 0.0, [18.78492, 130.35422, 49.04474])
62.3_NUM
(77531, 25753, 0.0, [18.71081, 130.43385, 49.128258])
60.6_NUM
(79150, 25753, 0.0, [18.66027, 130.4934, 49.199055])
61.8_NUM
(79519, 25753, 0.0, [18.74931, 130.39673, 49.095306])
61.4_NUM
(80168, 25753, 0.0, [18.69598, 130.45792, 49.15541])
61.1_NUM
(80662, 25753, 0.0, [18.82195, 130.31595, 48.98858])
62.7_NUM
(81021, 25753, 0.0, [18.79474, 130.3472, 49.038044])
65.2_NUM
(81212, 25753, 0.0, [18.819935, 130.3295, 49.00903])
61.2_NUM
(81447, 25753, 0.0, [18.6858, 130.44725, 49.127556])
59.7_NUM
(81802, 25753, 0.0, [18.75447, 130.38492, 49.08223])
64.3_NUM
(81973, 25753, 0.0, [18.67422, 130.47804, 49.18833])
64.7_NUM
(82269, 25753, 0.0, [18.68794, 130.46513, 49.168606])
61.3_NUM
(82445, 25753, 0.0, [18.79828, 130.33577, 49.018707])
61.6_NUM
(82909, 25753, 0.0, [18.76347, 130.38411, 49.075275])
65.1_NUM
(83211, 25753, 0.0, [18.77275, 130.37125, 49.055557])
62.4_NUM
(83926, 25753, 0.0, [18.80664, 130.32927, 49.0071])
64.2_NUM
(84082, 25753, 0.0, [18.71757, 130.43286, 49.13173])
63.8_NUM
(84430, 25753, 0.0, [18.69123, 130.46301, 49.16335])
62.6_NUM
(84986, 25753, 0.0, [18.69919, 130.44377, 49.136734])
68.2_NUM
(85139, 25753, 0.0, [18.67594, 130.48251, 49.187714])
59.9_NUM
(86658, 25753, 0.0, [18.774435, 130.36458, 49.04936])
66.2_NUM
(87823, 25753, 0.0, [18.69801, 130.45673, 49.15512])
63.9_NUM
(88457, 25753, 0.0, [18.70631, 130.4444, 49.14106])
65.9_NUM
(89350, 25753, 0.0, [18.67201, 130.49303, 49.220722])
63.1_NUM
(90217, 25753, 0.0, [18.73041, 130.42479, 49.11753])
67.1_NUM
(94153, 25753, 0.0, [18.81325, 130.3017, 48.977966])
64.1_NUM
(96655, 25753, 0.0, [18.74808, 130.39885, 49.084576])
31.4_NUM
(31242, 25747, 0.0, [23.60832, 126.2052, 43.24517])
32.3_NUM
(34125, 25747, 0.0, [23.5984, 126.21543, 43.26])
22.6_NUM
(24096, 25691, 0.0, [24.90153, 125.18228, 41.91241])
22.7_NUM
(25479, 25691, 0.0, [24.88227, 125.18756, 41.93368])
67.6_NUM
(87893, 25683, 0.0, [18.64265, 130.51804, 49.239895])
66.3_NUM
(95645, 25683, 0.0, [18.64844, 130.51979, 49.22756])
66.1_NUM
(99389, 25683, 0.0, [18.64453, 130.50507, 49.22223])
22.8_NUM
(25357, 25582, 0.0, [24.95578, 125.113686, 41.85886])
23.2_NUM
(25414, 25582, 0.0, [24.94436, 125.145996, 41.87091])
56.7_NUM
(67921, 25540, 0.0, [18.9645, 130.16255, 48.778515])
46.5_NUM
(45306, 25539, 0.0, [20.64228, 128.58, 46.54971])
45.8_NUM
(51802, 25539, 0.0, [20.71321, 128.52858, 46.45571])
21.4_NUM
(23539, 25296, 0.0, [25.28524, 124.87671, 41.53974])
20.8_NUM
(25456, 25296, 0.0, [25.2697, 124.89088, 41.54617])
20.9_NUM
(26970, 25296, 0.0, [25.25748, 124.90056, 41.56713])
20.1_NUM
(28102, 25296, 0.0, [25.24244, 124.913635, 41.58076])
22.0_NUM
(29017, 25296, 0.0, [25.27868, 124.88245, 41.5605])
44.8_NUM
(52760, 25281, 0.0, [21.3158, 128.06621, 45.6943])
45.1_NUM
(53306, 25281, 0.0, [21.3239, 128.0339, 45.73493])
45.6_NUM
(55133, 25281, 0.0, [21.3659, 127.99474, 45.6775])
45.4_NUM
(59163, 25281, 0.0, [21.42159, 127.96224, 45.63008])
45.0_NUM
(63617, 25281, 0.0, [21.41137, 128.00746, 45.82879])
44.0_NUM
(64739, 25281, 0.0, [21.56473, 127.879875, 45.628803])
10.1_NUM
(17799, 25267, 0.0, [27.3065, 123.25917, 39.7334])
11.1_NUM
(18017, 25267, 0.0, [27.31227, 123.25359, 39.71638])
10.9_NUM
(18945, 25267, 0.0, [27.3224, 123.23895, 39.70989])
46.3_NUM
(50273, 25265, 0.0, [20.7634, 128.48904, 46.388287])
46.4_NUM
(53336, 25265, 0.0, [20.84702, 128.42204, 46.29142])
46.0_NUM
(64180, 25265, 0.0, [20.92863, 128.42928, 46.367928])
62.8_NUM
(78710, 25236, 0.0, [18.623, 130.54124, 49.252853])
63.6_NUM
(78837, 25236, 0.0, [18.64199, 130.52159, 49.230392])
64.8_NUM
(83953, 25236, 0.0, [18.62633, 130.53714, 49.253445])
65.7_NUM
(92138, 25236, 0.0, [18.62388, 130.53859, 49.25796])
67.2_NUM
(96079, 25236, 0.0, [18.61654, 130.55789, 49.26183])
68.1_NUM
(104326, 25236, 0.0, [18.61719, 130.55177, 49.265537])
10.7_NUM
(17707, 25163, 0.0, [27.42471, 123.15824, 39.63171])
10.4_NUM
(17729, 25163, 0.0, [27.42916, 123.14701, 39.61748])
10.6_NUM
(17996, 25163, 0.0, [27.43568, 123.14658, 39.61928])
10.8_NUM
(18267, 25163, 0.0, [27.41427, 123.16614, 39.63922])
28.6_NUM
(24006, 25037, 0.0, [24.23012, 125.706024, 42.59847])
26.3_NUM
(24558, 25037, 0.0, [24.27629, 125.67398, 42.54268])
28.1_NUM
(26376, 25037, 0.0, [24.287035, 125.66491, 42.53315])
28.4_NUM
(26643, 25037, 0.0, [24.27358, 125.67295, 42.55054])
28.8_NUM
(26918, 25037, 0.0, [24.22632, 125.71204, 42.59569])
29.2_NUM
(27448, 25037, 0.0, [24.25039, 125.693275, 42.57427])
30.6_NUM
(29280, 25037, 0.0, [24.22022, 125.717, 42.60897])
26.0_NUM
(29517, 25037, 0.0, [24.28221, 125.67632, 42.59355])
9.6_NUM
(16302, 24792, 0.0, [27.6886, 122.93571, 39.42423])
10.3_NUM
(16428, 24792, 0.0, [27.71588, 122.924515, 39.41358])
9.8_NUM
(16696, 24792, 0.0, [27.71077, 122.9278, 39.42086])
10.0_NUM
(18737, 24792, 0.0, [27.64123, 123.007095, 39.54568])
50.5_NUM
(42336, 24775, 0.0, [20.29669, 128.84216, 46.93326])
9.7_NUM
(17271, 24768, 0.0, [27.56829, 123.04175, 39.52261])
9.9_NUM
(18595, 24768, 0.0, [27.56197, 123.041954, 39.52477])
27.6_NUM
(26150, 24653, 0.0, [23.9339, 126.02015, 42.89198])
30.4_NUM
(28759, 24653, 0.0, [23.94769, 125.93536, 42.90006])
31.7_NUM
(31910, 24653, 0.0, [23.95222, 125.93107, 42.8869])
30.9_NUM
(32748, 24653, 0.0, [23.94783, 125.934784, 42.89202])
26.5_NUM
(22181, 24513, 0.0, [24.63148, 125.40462, 42.19073])
25.5_NUM
(22340, 24513, 0.0, [24.56508, 125.464554, 42.26112])
24.1_NUM
(24747, 24513, 0.0, [24.54655, 125.453995, 42.26807])
23.6_NUM
(24766, 24513, 0.0, [24.58304, 125.42766, 42.22779])
24.2_NUM
(25157, 24513, 0.0, [24.54406, 125.461525, 42.26461])
28.5_NUM
(25264, 24513, 0.0, [24.54138, 125.46782, 42.27753])
24.7_NUM
(25457, 24513, 0.0, [24.5872, 125.42651, 42.22493])
23.9_NUM
(25466, 24513, 0.0, [24.593975, 125.419304, 42.21678])
28.2_NUM
(25657, 24513, 0.0, [24.607765, 125.41487, 42.21232])
25.2_NUM
(25769, 24513, 0.0, [24.55284, 125.455185, 42.26244])
18.7_NUM
(27132, 24480, 0.0, [25.91059, 124.38219, 40.94187])
45.3_NUM
(52675, 24390, 0.0, [21.21459, 128.11403, 45.86106])
46.9_NUM
(40805, 24216, 0.0, [20.61008, 128.60889, 46.57629])
46.2_NUM
(47532, 24216, 0.0, [20.60752, 128.61913, 46.572285])
46.7_NUM
(49758, 24216, 0.0, [20.59689, 128.61751, 46.582714])
66.7_NUM
(51890, 24125, 0.0, [18.60574, 130.57062, 49.286163])
70.3_NUM
(54986, 24125, 0.0, [18.4062, 130.80568, 49.558468])
60.0_NUM
(67509, 24125, 0.0, [18.61586, 130.62863, 49.30528])
65.5_NUM
(70304, 24125, 0.0, [18.56961, 130.60524, 49.332348])
64.5_NUM
(74141, 24125, 0.0, [18.54497, 130.62704, 49.362885])
68.5_NUM
(75524, 24125, 0.0, [18.45891, 130.72643, 49.462715])
71.4_NUM
(76504, 24125, 0.0, [18.43386, 130.76538, 49.512287])
59.8_NUM
(77597, 24125, 0.0, [18.5677, 130.57414, 49.3275])
65.8_NUM
(80337, 24125, 0.0, [18.5241, 130.64153, 49.375942])
70.6_NUM
(80385, 24125, 0.0, [18.3792, 130.82953, 49.58553])
70.4_NUM
(82819, 24125, 0.0, [18.48629, 130.71562, 49.459415])
62.9_NUM
(82936, 24125, 0.0, [18.6085, 130.5518, 49.28103])
65.3_NUM
(84033, 24125, 0.0, [18.60549, 130.5623, 49.285187])
65.6_NUM
(84803, 24125, 0.0, [18.51469, 130.66702, 49.39659])
64.6_NUM
(84916, 24125, 0.0, [18.52001, 130.66576, 49.398205])
68.9_NUM
(86072, 24125, 0.0, [18.37006, 130.82932, 49.576916])
69.5_NUM
(88402, 24125, 0.0, [18.56482, 130.62259, 49.35318])
70.9_NUM
(89414, 24125, 0.0, [18.579075, 130.6005, 49.337414])
64.9_NUM
(89821, 24125, 0.0, [18.61371, 130.55722, 49.2839])
63.7_NUM
(91254, 24125, 0.0, [18.48135, 130.67041, 49.369427])
66.8_NUM
(91892, 24125, 0.0, [18.47944, 130.70625, 49.43797])
68.3_NUM
(92198, 24125, 0.0, [18.43342, 130.76425, 49.51467])
68.6_NUM
(92675, 24125, 0.0, [18.55538, 130.61536, 49.339737])
70.2_NUM
(93224, 24125, 0.0, [18.40801, 130.784, 49.525703])
70.1_NUM
(93337, 24125, 0.0, [18.60313, 130.57037, 49.280487])
68.7_NUM
(93719, 24125, 0.0, [18.41941, 130.77934, 49.531914])
72.4_NUM
(94234, 24125, 0.0, [18.39189, 130.81789, 49.56885])
69.3_NUM
(94574, 24125, 0.0, [18.52176, 130.66121, 49.397186])
65.4_NUM
(94642, 24125, 0.0, [18.50627, 130.67659, 49.41331])
70.7_NUM
(94751, 24125, 0.0, [18.40879, 130.79707, 49.54679])
69.2_NUM
(94752, 24125, 0.0, [18.4588, 130.73712, 49.47313])
68.4_NUM
(95391, 24125, 0.0, [18.51967, 130.6668, 49.40439])
67.7_NUM
(96578, 24125, 0.0, [18.56581, 130.60832, 49.33687])
66.6_NUM
(96692, 24125, 0.0, [18.60974, 130.55971, 49.28875])
73.9_NUM
(97450, 24125, 0.0, [18.44058, 130.75803, 49.50679])
74.4_NUM
(97933, 24125, 0.0, [18.4581, 130.74902, 49.497585])
69.4_NUM
(98102, 24125, 0.0, [18.40076, 130.79927, 49.54396])
72.8_NUM
(99583, 24125, 0.0, [18.37246, 130.7996, 49.55314])
70.0_NUM
(99615, 24125, 0.0, [18.46366, 130.78294, 49.526806])
67.4_NUM
(99617, 24125, 0.0, [18.5453, 130.62898, 49.36])
66.9_NUM
(100025, 24125, 0.0, [18.51527, 130.66293, 49.39576])
72.1_NUM
(100685, 24125, 0.0, [18.41834, 130.78746, 49.5399])
71.9_NUM
(101174, 24125, 0.0, [18.45078, 130.74554, 49.491898])
67.9_NUM
(102037, 24125, 0.0, [18.46647, 130.72726, 49.463406])
69.9_NUM
(102089, 24125, 0.0, [18.53497, 130.67424, 49.42101])
61.0_NUM
(102122, 24125, 0.0, [18.5837, 130.65855, 49.34278])
71.7_NUM
(103506, 24125, 0.0, [18.41024, 130.79446, 49.547306])
69.1_NUM
(106114, 24125, 0.0, [18.58359, 130.58707, 49.31106])
64.0_NUM
(106961, 24125, 0.0, [18.41201, 130.82732, 49.55986])
63.0_NUM
(111668, 24125, 0.0, [18.41369, 130.80693, 49.55189])
65.0_NUM
(114649, 24125, 0.0, [18.46591, 130.76903, 49.48424])
62.0_NUM
(115123, 24125, 0.0, [18.39925, 130.82646, 49.566647])
68.0_NUM
(118979, 24125, 0.0, [18.41708, 130.7816, 49.522545])
66.0_NUM
(116207, 23797, 0.0, [18.39961, 130.84505, 49.57885])
76.5_NUM
(73407, 23552, 0.0, [17.9819, 131.30562, 50.107716])
78.5_NUM
(83036, 23552, 0.0, [18.04458, 131.23242, 50.03055])
77.5_NUM
(86945, 23552, 0.0, [17.98795, 131.29784, 50.10129])
77.8_NUM
(92927, 23552, 0.0, [18.05781, 131.2136, 50.00309])
76.6_NUM
(95453, 23552, 0.0, [18.09204, 131.18915, 49.98294])
77.6_NUM
(97466, 23552, 0.0, [18.02086, 131.25168, 50.052788])
76.4_NUM
(100977, 23552, 0.0, [18.03408, 131.23691, 50.03161])
75.1_NUM
(101748, 23552, 0.0, [18.02034, 131.20323, 49.972523])
76.7_NUM
(104709, 23552, 0.0, [18.08591, 131.18808, 49.97682])
82.5_NUM
(65529, 23507, 0.0, [17.68407, 131.70241, 50.538364])
83.3_NUM
(75149, 23507, 0.0, [17.67896, 131.71468, 50.556335])
79.5_NUM
(87891, 23507, 0.0, [17.67749, 131.69165, 50.52429])
81.4_NUM
(91545, 23507, 0.0, [17.75311, 131.58669, 50.415024])
80.3_NUM
(91666, 23507, 0.0, [17.77654, 131.58464, 50.416534])
80.2_NUM
(91794, 23507, 0.0, [17.817795, 131.5125, 50.32792])
80.4_NUM
(91941, 23507, 0.0, [17.78887, 131.57005, 50.397335])
79.4_NUM
(96789, 23507, 0.0, [17.6722, 131.70706, 50.53941])
81.7_NUM
(96993, 23507, 0.0, [17.64885, 131.74199, 50.579468])
80.6_NUM
(97017, 23507, 0.0, [17.82096, 131.52188, 50.347897])
79.6_NUM
(100925, 23507, 0.0, [17.74493, 131.60487, 50.427147])
78.9_NUM
(100949, 23507, 0.0, [17.81669, 131.51015, 50.32476])
80.1_NUM
(101636, 23507, 0.0, [17.65534, 131.72722, 50.56393])
79.3_NUM
(103723, 23507, 0.0, [17.67039, 131.71967, 50.55414])
78.0_NUM
(127880, 23507, 0.0, [17.82472, 131.55286, 50.36935])
86.5_NUM
(73920, 23421, 0.0, [17.52643, 131.89415, 50.741604])
83.5_NUM
(76819, 23421, 0.0, [17.440235, 132.03093, 50.89595])
84.6_NUM
(81583, 23421, 0.0, [17.48085, 131.97437, 50.831])
80.5_NUM
(82896, 23421, 0.0, [17.52829, 131.88942, 50.74002])
82.4_NUM
(86531, 23421, 0.0, [17.4566, 132.01382, 50.877457])
82.6_NUM
(87518, 23421, 0.0, [17.4237, 131.98299, 50.824535])
85.6_NUM
(88115, 23421, 0.0, [17.49837, 131.96648, 50.853603])
84.7_NUM
(88686, 23421, 0.0, [17.48777, 131.94159, 50.793255])
82.9_NUM
(90317, 23421, 0.0, [17.469055, 131.97395, 50.82749])
81.8_NUM
(90976, 23421, 0.0, [17.46252, 131.96901, 50.821255])
82.8_NUM
(92459, 23421, 0.0, [17.45989, 131.9655, 50.81207])
84.4_NUM
(94099, 23421, 0.0, [17.51788, 131.89328, 50.73802])
81.9_NUM
(96201, 23421, 0.0, [17.55547, 131.86383, 50.711098])
79.9_NUM
(96354, 23421, 0.0, [17.55496, 131.83113, 50.671555])
80.7_NUM
(96478, 23421, 0.0, [17.55765, 131.84239, 50.682125])
82.7_NUM
(96494, 23421, 0.0, [17.45219, 131.99513, 50.859245])
82.3_NUM
(97166, 23421, 0.0, [17.42371, 132.02509, 50.89005])
82.2_NUM
(97537, 23421, 0.0, [17.5338, 131.93031, 50.77373])
81.6_NUM
(98864, 23421, 0.0, [17.56167, 131.83508, 50.67713])
83.4_NUM
(101901, 23421, 0.0, [17.44586, 132.01102, 50.87174])
81.1_NUM
(107873, 23421, 0.0, [17.44376, 131.9654, 50.80983])
80.9_NUM
(110806, 23421, 0.0, [17.55452, 131.85316, 50.69881])
84.0_NUM
(115734, 23421, 0.0, [17.50087, 131.97945, 50.838013])
83.0_NUM
(122243, 23421, 0.0, [17.52715, 131.94707, 50.80333])
82.0_NUM
(124900, 23421, 0.0, [17.45865, 132.03233, 50.90282])
80.0_NUM
(82428, 23308, 0.0, [17.973625, 131.41602, 50.211243])
77.3_NUM
(83438, 23308, 0.0, [17.91278, 131.38248, 50.191536])
71.5_NUM
(89166, 23308, 0.0, [17.92818, 131.27573, 50.02878])
77.4_NUM
(91179, 23308, 0.0, [17.97181, 131.31245, 50.123154])
78.6_NUM
(96246, 23308, 0.0, [17.95696, 131.34605, 50.154686])
77.7_NUM
(97091, 23308, 0.0, [17.79584, 131.46887, 50.26608])
78.3_NUM
(97475, 23308, 0.0, [17.89205, 131.41228, 50.21824])
77.9_NUM
(97823, 23308, 0.0, [17.91863, 131.38832, 50.20058])
79.2_NUM
(98797, 23308, 0.0, [17.96156, 131.33466, 50.14084])
78.1_NUM
(101325, 23308, 0.0, [17.95304, 131.34088, 50.148296])
78.2_NUM
(103545, 23308, 0.0, [17.96781, 131.32083, 50.126194])
79.1_NUM
(109550, 23308, 0.0, [17.95783, 131.33372, 50.14164])
77.1_NUM
(115499, 23308, 0.0, [17.95391, 131.34091, 50.145435])
76.0_NUM
(132026, 23308, 0.0, [17.94917, 131.39482, 50.195366])
81.5_NUM
(77508, 23159, 0.0, [17.63916, 131.75533, 50.59845])
79.8_NUM
(99927, 23159, 0.0, [17.57977, 131.77005, 50.594944])
69.8_NUM
(72012, 22930, 0.0, [18.33855, 130.88081, 49.650955])
74.5_NUM
(75851, 22930, 0.0, [18.31558, 130.89203, 49.65559])
73.5_NUM
(76830, 22930, 0.0, [18.32955, 130.8786, 49.63651])
75.5_NUM
(85261, 22930, 0.0, [18.34746, 130.86613, 49.626945])
70.5_NUM
(86086, 22930, 0.0, [18.34524, 130.85454, 49.604996])
67.8_NUM
(89449, 22930, 0.0, [18.35902, 130.86476, 49.6706])
71.1_NUM
(92654, 22930, 0.0, [18.33549, 130.88036, 49.638077])
73.3_NUM
(96193, 22930, 0.0, [18.34558, 130.8671, 49.624294])
69.6_NUM
(98466, 22930, 0.0, [18.3363, 130.87915, 49.63686])
70.8_NUM
(98611, 22930, 0.0, [18.34146, 130.87302, 49.62747])
73.6_NUM
(98957, 22930, 0.0, [18.31192, 130.90875, 49.671608])
73.4_NUM
(99100, 22930, 0.0, [18.34544, 130.86424, 49.623028])
71.8_NUM
(100822, 22930, 0.0, [18.3376, 130.87805, 49.639263])
72.3_NUM
(101365, 22930, 0.0, [18.3261, 130.90369, 49.67415])
72.6_NUM
(103529, 22930, 0.0, [18.31151, 130.92238, 49.690758])
73.2_NUM
(103759, 22930, 0.0, [18.31945, 130.89491, 49.648014])
73.1_NUM
(104417, 22930, 0.0, [18.34279, 130.86685, 49.61809])
74.3_NUM
(106897, 22930, 0.0, [18.33481, 130.88408, 49.643875])
69.7_NUM
(111353, 22930, 0.0, [18.35245, 130.85805, 49.612545])
67.5_NUM
(63013, 22881, 0.0, [18.30192, 130.91777, 49.676556])
76.2_NUM
(63827, 22881, 0.0, [18.2652, 130.98145, 49.755688])
72.5_NUM
(72885, 22881, 0.0, [18.19654, 131.0214, 49.787434])
76.9_NUM
(78855, 22881, 0.0, [18.19668, 131.05646, 49.84832])
76.8_NUM
(80687, 22881, 0.0, [18.17877, 131.08287, 49.872936])
68.8_NUM
(84397, 22881, 0.0, [18.19685, 130.99826, 49.752605])
73.7_NUM
(85410, 22881, 0.0, [18.28582, 130.94513, 49.713505])
78.8_NUM
(87901, 22881, 0.0, [18.140375, 131.11984, 49.91378])
72.7_NUM
(88926, 22881, 0.0, [18.21573, 130.98364, 49.73387])
75.0_NUM
(89199, 22881, 0.0, [18.20423, 131.09909, 49.86954])
78.7_NUM
(93496, 22881, 0.0, [18.27261, 131.00108, 49.79098])
74.6_NUM
(97311, 22881, 0.0, [18.30338, 130.92462, 49.692287])
75.6_NUM
(97437, 22881, 0.0, [18.26699, 130.97342, 49.74698])
72.2_NUM
(98554, 22881, 0.0, [18.23695, 130.9924, 49.758156])
75.8_NUM
(99031, 22881, 0.0, [18.28213, 130.94629, 49.714382])
76.3_NUM
(99192, 22881, 0.0, [18.2405, 131.00352, 49.781227])
73.8_NUM
(100309, 22881, 0.0, [18.21758, 131.02722, 49.80299])
75.2_NUM
(100818, 22881, 0.0, [18.21807, 131.036, 49.816216])
71.3_NUM
(102247, 22881, 0.0, [18.30431, 130.91537, 49.67172])
74.2_NUM
(102459, 22881, 0.0, [18.1173, 131.1402, 49.92357])
74.7_NUM
(103294, 22881, 0.0, [18.24612, 130.99289, 49.76396])
72.9_NUM
(103649, 22881, 0.0, [18.27934, 130.9498, 49.71617])
75.9_NUM
(104080, 22881, 0.0, [18.2675, 130.96454, 49.73208])
74.9_NUM
(105209, 22881, 0.0, [18.23617, 130.9875, 49.75494])
75.3_NUM
(105361, 22881, 0.0, [18.15118, 131.10542, 49.88586])
75.7_NUM
(106243, 22881, 0.0, [18.29765, 130.92662, 49.692097])
74.8_NUM
(107021, 22881, 0.0, [18.24236, 130.99022, 49.75924])
71.2_NUM
(108732, 22881, 0.0, [18.29764, 130.91933, 49.684505])
76.1_NUM
(108958, 22881, 0.0, [18.28201, 130.9448, 49.711082])
75.4_NUM
(110256, 22881, 0.0, [18.14725, 131.12668, 49.905113])
71.0_NUM
(113654, 22881, 0.0, [18.23098, 131.02524, 49.802235])
74.1_NUM
(113690, 22881, 0.0, [18.23302, 131.02354, 49.794296])
72.0_NUM
(117457, 22881, 0.0, [18.22711, 131.02618, 49.7946])
74.0_NUM
(117904, 22881, 0.0, [18.29248, 130.95209, 49.715626])
67.0_NUM
(118848, 22881, 0.0, [18.23149, 131.03963, 49.803493])
69.0_NUM
(131874, 22881, 0.0, [18.17784, 131.07066, 49.853004])
73.0_NUM
(138007, 22881, 0.0, [18.16846, 131.12733, 49.913696])
86.6_NUM
(86777, 22864, 0.0, [17.59911, 131.8193, 50.69351])
81.3_NUM
(90088, 22864, 0.0, [17.61835, 131.79495, 50.635136])
82.1_NUM
(100615, 22864, 0.0, [17.57825, 131.8282, 50.669373])
81.2_NUM
(103518, 22864, 0.0, [17.58436, 131.8123, 50.65263])
79.7_NUM
(104991, 22864, 0.0, [17.61, 131.77605, 50.61523])
80.8_NUM
(109249, 22864, 0.0, [17.60674, 131.79971, 50.641754])
86.9_NUM
(79872, 22813, 0.0, [17.76101, 131.75148, 50.62532])
81.0_NUM
(115944, 22813, 0.0, [17.6499, 131.80794, 50.64384])
79.0_NUM
(129678, 22813, 0.0, [17.64904, 131.78194, 50.62047])
77.2_NUM
(83898, 22565, 0.0, [17.85609, 131.43181, 50.27684])
78.4_NUM
(102292, 22565, 0.0, [17.85186, 131.46762, 50.28157])
77.0_NUM
(137220, 22565, 0.0, [17.88729, 131.47281, 50.28078])
87.4_NUM
(85155, 22280, 0.0, [17.31015, 132.23245, 51.11128])
86.3_NUM
(87401, 22280, 0.0, [17.30971, 132.2221, 51.10129])
85.9_NUM
(90510, 22280, 0.0, [17.17383, 132.31976, 51.18057])
85.3_NUM
(91726, 22280, 0.0, [17.27675, 132.25586, 51.13674])
84.9_NUM
(93446, 22280, 0.0, [17.30649, 132.19844, 51.07374])
85.4_NUM
(95371, 22280, 0.0, [17.19847, 132.35638, 51.24802])
83.7_NUM
(96039, 22280, 0.0, [17.29011, 132.25722, 51.137806])
85.5_NUM
(78205, 22273, 0.0, [17.35079, 132.17096, 51.04758])
86.8_NUM
(83775, 22273, 0.0, [17.32647, 132.19275, 51.06647])
87.1_NUM
(86941, 22273, 0.0, [17.3273, 132.19933, 51.078087])
85.1_NUM
(89181, 22273, 0.0, [17.34616, 132.178, 51.052147])
86.1_NUM
(89625, 22273, 0.0, [17.31989, 132.20004, 51.07884])
84.3_NUM
(91618, 22273, 0.0, [17.32578, 132.19667, 51.0757])
percent_NOUN
(1113, 22178, 0.0, [19.48858, 129.87221, 48.98012])
86.4_NUM
(75153, 22024, 0.0, [17.35131, 132.15889, 51.03363])
85.7_NUM
(76822, 22024, 0.0, [17.3857, 132.10481, 50.972385])
86.7_NUM
(78344, 22024, 0.0, [17.40845, 132.07278, 50.93558])
84.5_NUM
(79839, 22024, 0.0, [17.395565, 132.10268, 50.97094])
87.2_NUM
(84097, 22024, 0.0, [17.38382, 132.14423, 51.014496])
85.8_NUM
(88321, 22024, 0.0, [17.36499, 132.13034, 50.997833])
84.2_NUM
(88451, 22024, 0.0, [17.39191, 132.09694, 50.96583])
83.8_NUM
(90065, 22024, 0.0, [17.39206, 132.0981, 50.96546])
85.2_NUM
(91106, 22024, 0.0, [17.34869, 132.14867, 51.018368])
84.1_NUM
(93316, 22024, 0.0, [17.35951, 132.13461, 51.003704])
86.0_NUM
(94041, 22024, 0.0, [17.439, 132.10303, 50.97607])
83.1_NUM
(94582, 22024, 0.0, [17.39145, 132.10698, 50.97943])
87.0_NUM
(95734, 22024, 0.0, [17.42956, 132.07458, 50.939926])
83.9_NUM
(96423, 22024, 0.0, [17.39927, 132.08475, 50.9493])
85.0_NUM
(102302, 22024, 0.0, [17.40826, 132.11012, 50.98377])
83.2_NUM
(102987, 22024, 0.0, [17.3919, 132.08894, 50.954967])
86.2_NUM
(88393, 21932, 0.0, [17.10545, 132.48024, 51.37136])
84.8_NUM
(95410, 21932, 0.0, [17.13797, 132.42876, 51.333893])
87.6_NUM
(74777, 21858, 0.0, [16.90011, 133.14262, 52.10526])
89.4_NUM
(76007, 21858, 0.0, [16.90176, 133.15129, 52.1101])
87.5_NUM
(56890, 21848, 0.0, [17.15663, 132.60823, 51.52272])
87.3_NUM
(84313, 21809, 0.0, [17.09282, 132.72768, 51.653557])
97.4_NUM
(57130, 21806, 0.0, [16.76437, 133.4365, 52.429874])
96.4_NUM
(57292, 21806, 0.0, [16.73576, 133.48457, 52.48368])
98.6_NUM
(57355, 21806, 0.0, [16.77966, 133.41908, 52.412964])
95.8_NUM
(57819, 21806, 0.0, [16.78063, 133.40863, 52.39892])
98.4_NUM
(58251, 21806, 0.0, [16.78989, 133.39522, 52.38636])
97.8_NUM
(58672, 21806, 0.0, [16.78439, 133.4071, 52.40011])
96.6_NUM
(59872, 21806, 0.0, [16.78406, 133.39929, 52.38595])
96.8_NUM
(59969, 21806, 0.0, [16.79005, 133.38438, 52.368946])
97.2_NUM
(60081, 21806, 0.0, [16.77005, 133.4252, 52.417152])
97.6_NUM
(61315, 21806, 0.0, [16.80294, 133.403, 52.403656])
96.2_NUM
(61988, 21806, 0.0, [16.79243, 133.38971, 52.37621])
98.8_NUM
(62455, 21806, 0.0, [16.78516, 133.40863, 52.40111])
95.6_NUM
(62500, 21806, 0.0, [16.79177, 133.3933, 52.384975])
99.6_NUM
(63577, 21806, 0.0, [16.85807, 133.28494, 52.27015])
94.6_NUM
(64143, 21806, 0.0, [16.81442, 133.33932, 52.31847])
99.8_NUM
(66091, 21806, 0.0, [16.86068, 133.27765, 52.271667])
99.2_NUM
(66331, 21806, 0.0, [16.81852, 133.34152, 52.324055])
95.4_NUM
(66562, 21806, 0.0, [16.80291, 133.36487, 52.349323])
97.0_NUM
(67317, 21806, 0.0, [16.79887, 133.37386, 52.35785])
98.0_NUM
(67572, 21806, 0.0, [16.83156, 133.30507, 52.27833])
94.8_NUM
(67686, 21806, 0.0, [16.79489, 133.38718, 52.37516])
95.2_NUM
(68189, 21806, 0.0, [16.8153, 133.33868, 52.31734])
94.4_NUM
(69857, 21806, 0.0, [16.82444, 133.32053, 52.296577])
99.4_NUM
(71109, 21806, 0.0, [16.8423, 133.31502, 52.304707])
96.0_NUM
(72463, 21806, 0.0, [16.81225, 133.33743, 52.31681])
95.0_NUM
(73496, 21806, 0.0, [16.83666, 133.2939, 52.26627])
100.0_NUM
(28596, 21741, 0.0, [17.50131, 132.55026, 51.352726])
83.6_NUM
(84490, 21686, 0.0, [16.86163, 132.68918, 51.58611])
93.2_NUM
(61711, 21365, 0.0, [16.86672, 133.2299, 52.193054])
93.8_NUM
(63123, 21365, 0.0, [16.85656, 133.24953, 52.215656])
93.6_NUM
(64199, 21365, 0.0, [16.8608, 133.25746, 52.22461])
92.6_NUM
(64244, 21365, 0.0, [16.84861, 133.26692, 52.236996])
91.4_NUM
(67623, 21365, 0.0, [16.85598, 133.27098, 52.241905])
94.2_NUM
(67811, 21365, 0.0, [16.83798, 133.29105, 52.2624])
91.8_NUM
(68028, 21365, 0.0, [16.8958, 133.1689, 52.12822])
93.4_NUM
(68085, 21365, 0.0, [16.86393, 133.24078, 52.20387])
92.4_NUM
(68309, 21365, 0.0, [16.84161, 133.28189, 52.252792])
87.9_NUM
(69459, 21365, 0.0, [16.83765, 133.2867, 52.26053])
92.2_NUM
(69891, 21365, 0.0, [16.85907, 133.24779, 52.21517])
90.4_NUM
(70080, 21365, 0.0, [16.8713, 133.25195, 52.21821])
90.2_NUM
(70604, 21365, 0.0, [16.88139, 133.20724, 52.16956])
91.2_NUM
(71131, 21365, 0.0, [16.849, 133.27351, 52.246494])
90.6_NUM
(71995, 21365, 0.0, [16.85748, 133.25476, 52.22316])
92.8_NUM
(72306, 21365, 0.0, [16.883995, 133.19, 52.152824])
89.8_NUM
(72780, 21365, 0.0, [16.84941, 133.26695, 52.2381])
90.8_NUM
(72983, 21365, 0.0, [16.88441, 133.18008, 52.14437])
93.0_NUM
(73586, 21365, 0.0, [16.85628, 133.25383, 52.221348])
89.6_NUM
(73669, 21365, 0.0, [16.89357, 133.22743, 52.185783])
91.6_NUM
(74091, 21365, 0.0, [16.87403, 133.21696, 52.182106])
94.0_NUM
(74458, 21365, 0.0, [16.85971, 133.25066, 52.21664])
90.0_NUM
(74771, 21365, 0.0, [16.89567, 133.16576, 52.127724])
89.2_NUM
(75200, 21365, 0.0, [16.85449, 133.2573, 52.22584])
92.0_NUM
(75257, 21365, 0.0, [16.89384, 133.18065, 52.14308])
87.8_NUM
(75565, 21365, 0.0, [16.84189, 133.26137, 52.232475])
88.6_NUM
(75769, 21365, 0.0, [16.86096, 133.24269, 52.210583])
88.2_NUM
(76757, 21365, 0.0, [16.89373, 133.17525, 52.1371])
88.8_NUM
(77690, 21365, 0.0, [16.86167, 133.25177, 52.22425])
88.4_NUM
(78765, 21365, 0.0, [16.85648, 133.25597, 52.22592])
99.0_NUM
(79619, 21365, 0.0, [16.87904, 133.2242, 52.19156])
91.0_NUM
(81857, 21365, 0.0, [16.85181, 133.26411, 52.232975])
88.0_NUM
(86738, 21365, 0.0, [16.8924, 133.18192, 52.14525])
89.0_NUM
(88880, 21365, 0.0, [16.85916, 133.25563, 52.22388])
98.2_NUM
(59638, 21132, 1.0, [16.51589, 133.83034, 52.82486])
