Masovian::Voivodeship_PROPN
(9901, 60079, 1.0, [3.351595, 90.24853, 98.324684])
Płock::County_PROPN
(67451, 55778, 0.0, [3.19236, 90.26065, 98.15654])
Grójec::County_PROPN
(74703, 55778, 0.0, [3.19958, 90.26148, 98.15219])
Płońsk::County_PROPN
(80655, 55778, 0.0, [3.18362, 90.2591, 98.14661])
Radom::County_PROPN
(82126, 55778, 0.0, [3.19126, 90.2601, 98.15017])
Siedlce::County_PROPN
(82375, 55778, 0.0, [3.17946, 90.25899, 98.14599])
Mińsk::County_PROPN
(82876, 55778, 0.0, [3.20487, 90.25855, 98.14757])
Ostrołęka::County_PROPN
(85511, 55778, 0.0, [3.18341, 90.259026, 98.14674])
Garwolin::County_PROPN
(89325, 55778, 0.0, [3.18127, 90.25997, 98.14647])
Ciechanów::County_PROPN
(90085, 55778, 0.0, [3.18088, 90.258995, 98.14598])
Mława::County_PROPN
(92016, 55778, 0.0, [3.1983, 90.259155, 98.15961])
Ostrów::Mazowiecka::County_PROPN
(95549, 55778, 0.0, [3.18565, 90.2592, 98.14881])
Sochaczew::County_PROPN
(100134, 55778, 0.0, [3.18114, 90.25898, 98.14599])
Przasnysz::County_PROPN
(100183, 55778, 0.0, [3.20824, 90.26688, 98.1307])
Sokołów::County_PROPN
(102013, 55778, 0.0, [3.17991, 90.25897, 98.14497])
Maków::County_PROPN
(104564, 55778, 0.0, [3.18211, 90.25889, 98.145584])
Węgrów::County_PROPN
(106089, 55778, 0.0, [3.17891, 90.25895, 98.144936])
Sierpc::County_PROPN
(107536, 55778, 1.0, [3.19612, 90.25741, 98.134705])
Pułtusk::County_PROPN
(108479, 55778, 0.0, [3.18136, 90.25917, 98.14614])
Piaseczno::County_PROPN
(109163, 55778, 0.0, [3.18096, 90.25873, 98.14527])
Wołomin::County_PROPN
(116693, 55778, 0.0, [3.17864, 90.25913, 98.14448])
Kozienice::County_PROPN
(119000, 55778, 0.0, [3.18094, 90.25907, 98.145874])
Żuromin::County_PROPN
(125473, 55778, 0.0, [3.18003, 90.25894, 98.14403])
Żyrardów::County_PROPN
(125716, 55778, 0.0, [3.19108, 90.25935, 98.14746])
Wyszków::County_PROPN
(127021, 55778, 0.0, [3.17961, 90.25901, 98.1448])
Nowy::Dwór::Mazowiecki::County_PROPN
(127610, 55778, 0.0, [3.1803, 90.25919, 98.14448])
Gostynin::County_PROPN
(129109, 55778, 0.0, [3.18095, 90.25922, 98.14483])
Warsaw::West::County_PROPN
(130327, 55778, 0.0, [3.18156, 90.259346, 98.14538])
Lipsko::County_PROPN
(132429, 55778, 0.0, [3.18003, 90.25895, 98.14547])
Zwoleń::County_PROPN
(136783, 55778, 0.0, [3.1824, 90.25924, 98.14544])
Białobrzegi::County_PROPN
(138785, 55778, 0.0, [3.18283, 90.2592, 98.145454])
Przysucha::County_PROPN
(138974, 55778, 0.0, [3.18062, 90.25909, 98.1451])
Otwock::County_PROPN
(145316, 55778, 0.0, [3.18081, 90.25904, 98.14495])
Łosice::County_PROPN
(155627, 55778, 0.0, [3.18042, 90.25922, 98.14481])
Grodzisk::Mazowiecki::County_PROPN
(167110, 55778, 0.0, [3.18084, 90.25914, 98.14501])
Szydłowiec::County_PROPN
(202717, 55778, 0.0, [3.181555, 90.25898, 98.145256])
Legionowo::County_PROPN
(233448, 55778, 0.0, [3.18095, 90.25943, 98.14504])
Pruszków::County_PROPN
(262111, 55778, 0.0, [3.18128, 90.259315, 98.14517])
seconds_NOUN
(2038, 1285, 0.0, [160.10829, 79.81228, 113.20684])
p.m._NOUN
(5566, 1267, 0.0, [170.15112, 80.94804, 129.57202])
a.m._NOUN
(7389, 1267, 0.0, [170.31543, 80.92535, 129.56781])
5:00_NUM
(19020, 1267, 0.0, [170.14801, 80.92452, 129.51955])
8:30_NUM
(19993, 1267, 0.0, [170.43437, 80.93893, 129.65451])
a.m_ADV
(77890, 1267, 0.0, [170.44484, 80.947525, 129.5813])
o'clock_ADV
(15121, 1266, 0.0, [170.39915, 80.77241, 129.68481])
overnight_VERB
(252897, 1266, 0.0, [170.19609, 80.5808, 129.73079])
pm_NOUN
(3062, 1259, 1.0, [169.84406, 81.01308, 129.57512])
ET_PROPN
(15414, 1259, 0.0, [169.7869, 81.0421, 129.62589])
8:00_NUM
(15490, 1259, 0.0, [170.07446, 80.94852, 129.60236])
7:00_NUM
(16014, 1259, 0.0, [170.09418, 80.928925, 129.58348])
9:30_NUM
(21455, 1259, 0.0, [170.04004, 80.99038, 129.51465])
Fri_PROPN
(170777, 1259, 0.0, [169.8452, 80.95878, 129.70448])
Eastern::Standard::Time_PROPN
(113037, 1253, 0.0, [170.38234, 80.72664, 130.02211])
Central::Standard::Time_PROPN
(204860, 1253, 0.0, [170.197, 80.68924, 130.06882])
Standard::Time_PROPN
(286050, 1253, 0.0, [170.15648, 80.69526, 130.0348])
DST_PROPN
(39216, 1235, 0.0, [170.03113, 80.63538, 130.09418])
noon_NOUN
(9133, 1233, 0.0, [169.94437, 80.82997, 129.49571])
5:30_NUM
(23121, 1232, 0.0, [170.00964, 80.95123, 129.42711])
1hr_ADJ
(256706, 1232, 0.0, [159.69789, 79.874146, 113.43418])
10:00_NUM
(12638, 1227, 0.0, [170.65875, 80.92608, 129.65094])
9:00_NUM
(13586, 1227, 0.0, [170.44974, 80.930565, 129.6353])
6:30_NUM
(22258, 1227, 0.0, [170.7347, 80.96079, 129.57625])
4:00_NUM
(22290, 1227, 0.0, [170.5691, 80.93444, 129.57266])
1:00_NUM
(24907, 1227, 0.0, [170.70145, 80.94754, 129.62477])
19th-century_NOUN
(40282, 1227, 0.0, [158.52858, 77.672745, 115.217606])
EST_PROPN
(49475, 1227, 0.0, [170.4632, 81.14857, 129.5854])
EST._PROPN
(55720, 1227, 0.0, [170.66934, 80.95138, 129.78691])
p.m_ADV
(62591, 1227, 0.0, [170.46738, 80.951035, 129.6289])
P.M._PROPN
(88015, 1227, 0.0, [170.74948, 80.95445, 129.6426])
11:00_NUM
(17420, 1225, 0.0, [170.65549, 80.879616, 129.66243])
a.m._ADV
(11452, 1218, 0.0, [170.89737, 80.96392, 129.69875])
7:30_NUM
(20616, 1218, 0.0, [170.83208, 81.00044, 129.66302])
pst_NOUN
(47795, 1216, 0.0, [170.76433, 80.91221, 129.85922])
p.m._ADV
(9216, 1215, 0.0, [170.43964, 81.2685, 129.39436])
PM_PROPN
(13987, 1215, 0.0, [171.0036, 81.198715, 129.22028])
MDT_PROPN
(127705, 1210, 0.0, [170.66313, 80.70636, 130.12547])
PST_PROPN
(65316, 1204, 0.0, [170.79942, 80.90104, 129.94109])
mst_NOUN
(74427, 1204, 0.0, [171.01123, 80.90625, 130.12643])
gmt_NOUN
(33520, 1202, 0.0, [171.07094, 80.58699, 130.10966])
CDT_PROPN
(51307, 1202, 0.0, [170.9181, 80.81889, 130.03444])
IST_PROPN
(57445, 1202, 0.0, [171.04274, 80.81679, 130.0187])
PDT_PROPN
(59955, 1202, 0.0, [170.87244, 80.83215, 130.04239])
cdt_NOUN
(129085, 1202, 0.0, [170.92453, 80.70875, 130.15811])
6:45_NUM
(81985, 1201, 0.0, [171.67487, 80.970985, 129.74625])
EDT_PROPN
(27576, 1198, 0.0, [171.53337, 80.85026, 129.98401])
2:00_NUM
(22341, 1196, 0.0, [171.21284, 80.965935, 129.6568])
3:00_NUM
(23923, 1196, 0.0, [171.12662, 80.96206, 129.63239])
forenoon_NOUN
(189998, 1191, 0.0, [170.69206, 80.449104, 130.11896])
MST_PROPN
(61426, 1190, 0.0, [170.73859, 80.898155, 130.17554])
4:30_NUM
(28494, 1186, 0.0, [171.86987, 80.99399, 129.76018])
12:30_NUM
(29470, 1186, 0.0, [171.98134, 80.9583, 129.82326])
12:45_NUM
(82880, 1186, 0.0, [172.03568, 80.952705, 129.82474])
mid-19th-century_ADJ
(110882, 1185, 0.0, [158.15288, 77.70443, 115.13847])
cst_NOUN
(75859, 1180, 0.0, [171.1387, 80.833374, 130.11848])
BST_PROPN
(96130, 1180, 0.0, [171.44145, 80.609314, 130.16383])
eest_NOUN
(129378, 1179, 0.0, [170.75136, 80.591286, 130.36295])
CST_PROPN
(37110, 1177, 0.0, [171.07834, 81.13967, 130.23836])
18:00_NUM
(30326, 1176, 0.0, [171.71484, 80.33971, 130.42566])
04:00_NUM
(68689, 1176, 0.0, [171.514, 80.23896, 130.44829])
03:30_NUM
(133786, 1176, 0.0, [171.55733, 80.2472, 130.48573])
00:30_NUM
(166546, 1176, 0.0, [171.7248, 80.27543, 130.49167])
06:15_NUM
(221137, 1176, 0.0, [171.61424, 80.2809, 130.4684])
07:45_NUM
(226121, 1176, 0.0, [171.6941, 80.26348, 130.48857])
hkt_NOUN
(265446, 1176, 0.0, [171.71472, 80.37764, 130.40016])
late-19th_ADJ
(58132, 1175, 0.0, [158.52403, 77.39317, 115.01025])
early-20th_ADJ
(61195, 1175, 0.0, [158.64217, 77.33854, 114.991516])
late-18th_ADJ
(137557, 1175, 0.0, [158.50635, 77.41468, 115.07877])
late-19th_NOUN
(138113, 1175, 0.0, [158.50485, 77.29899, 114.976715])
10:30_NUM
(22213, 1173, 0.0, [172.10947, 80.957306, 129.83292])
11:30_NUM
(26954, 1173, 0.0, [172.04189, 80.94434, 129.8475])
18:45_NUM
(185067, 1168, 0.0, [172.27211, 80.56062, 130.1423])
eighteenth-century_ADJ
(30879, 1165, 0.0, [157.99031, 78.32218, 115.25452])
06:00_NUM
(39037, 1165, 0.0, [171.44809, 80.22348, 130.41295])
21:00_NUM
(42063, 1165, 0.0, [171.70276, 80.173935, 130.44824])
08:00_NUM
(48343, 1165, 0.0, [171.53458, 80.22696, 130.43532])
05:00_NUM
(64810, 1165, 0.0, [171.45264, 80.21522, 130.44702])
03:00_NUM
(67355, 1165, 0.0, [171.51154, 80.19552, 130.47392])
02:00_NUM
(68628, 1165, 0.0, [171.54124, 80.22218, 130.46667])
01:00_NUM
(77059, 1165, 0.0, [171.58292, 80.227264, 130.47385])
05:30_NUM
(98522, 1165, 0.0, [171.51677, 80.20785, 130.48085])
04:45_NUM
(276535, 1165, 0.0, [171.60141, 80.21043, 130.49588])
UTC_PROPN
(8189, 1164, 0.0, [170.76537, 80.350105, 130.22177])
eet_NOUN
(68395, 1164, 0.0, [170.52448, 80.35923, 130.45673])
early-19th_ADJ
(119773, 1164, 0.0, [158.20978, 77.333466, 115.02796])
MSK_PROPN
(179527, 1164, 0.0, [170.50417, 80.49435, 130.44333])
EET_PROPN
(242265, 1164, 0.0, [170.7181, 80.53144, 130.35077])
late-18th_NOUN
(282402, 1164, 0.0, [158.37918, 77.3313, 115.01311])
19:00_NUM
(32662, 1162, 0.0, [171.87363, 80.31399, 130.4905])
16:00_NUM
(33379, 1162, 0.0, [172.0028, 80.35145, 130.46664])
14:00_NUM
(33614, 1162, 0.0, [172.00517, 80.341286, 130.48515])
20:00_NUM
(36496, 1162, 0.0, [172.03873, 80.355385, 130.49373])
17:00_NUM
(39500, 1162, 0.0, [171.86577, 80.3104, 130.48701])
15:00_NUM
(40433, 1162, 0.0, [171.86136, 80.32816, 130.46022])
13:00_NUM
(42566, 1162, 0.0, [171.9546, 80.342354, 130.47032])
09:00_NUM
(43039, 1162, 0.0, [171.93304, 80.33579, 130.46509])
23:00_NUM
(52499, 1162, 0.0, [171.82834, 80.30763, 130.49251])
14:30_NUM
(62084, 1162, 0.0, [172.05179, 80.343254, 130.49716])
16:30_NUM
(69910, 1162, 0.0, [172.01865, 80.333755, 130.49704])
cet_NOUN
(70310, 1162, 0.0, [171.97685, 80.42609, 130.43446])
09:30_NUM
(77163, 1162, 0.0, [172.06898, 80.3469, 130.48485])
20:30_NUM
(82217, 1162, 0.0, [171.94852, 80.33346, 130.49245])
msk_NOUN
(159213, 1162, 0.0, [171.93623, 80.384, 130.44473])
09:15_NUM
(217668, 1162, 0.0, [172.05563, 80.35419, 130.48007])
22:45_NUM
(257268, 1162, 0.0, [171.81189, 80.27097, 130.4961])
08:45_NUM
(266004, 1162, 0.0, [171.8588, 80.335976, 130.45363])
09:20_NUM
(292520, 1162, 0.0, [172.08379, 80.37717, 130.44951])
bst_NOUN
(82718, 1155, 0.0, [171.93655, 80.59574, 130.2583])
12:00_NUM
(19481, 1153, 0.0, [171.16081, 80.5017, 130.17458])
CET_PROPN
(37598, 1153, 0.0, [171.32544, 80.5298, 130.3384])
GMT_PROPN
(39327, 1153, 0.0, [171.2789, 80.48955, 130.28761])
cest_NOUN
(65431, 1153, 0.0, [171.39392, 80.430374, 130.40512])
15:30_NUM
(67394, 1153, 0.0, [172.2406, 80.3764, 130.49417])
13:30_NUM
(69537, 1153, 0.0, [172.18213, 80.37457, 130.48901])
17:45_NUM
(126942, 1153, 0.0, [172.12125, 80.37759, 130.48927])
20:45_NUM
(181271, 1153, 0.0, [172.33101, 80.54657, 130.4261])
09:45_NUM
(246614, 1153, 0.0, [172.16975, 80.366066, 130.49124])
09:40_NUM
(255992, 1153, 0.0, [172.26543, 80.41862, 130.47058])
13:40_NUM
(256670, 1153, 0.0, [172.11263, 80.36008, 130.46948])
17:50_NUM
(272003, 1153, 0.0, [172.43115, 80.47978, 130.46495])
16:50_NUM
(285745, 1153, 0.0, [172.24997, 80.39419, 130.47372])
19th-century_ADJ
(7132, 1152, 0.0, [157.82968, 77.886475, 115.13123])
20th-century_ADJ
(11280, 1152, 0.0, [158.0286, 77.68659, 115.02225])
nineteenth-century_ADJ
(18218, 1152, 0.0, [157.94153, 77.84683, 115.02687])
twentieth-century_ADJ
(25044, 1152, 0.0, [158.09874, 77.616646, 114.92675])
early-20th-century_ADJ
(103774, 1152, 0.0, [157.92809, 77.69064, 115.096214])
late-19th-century_ADJ
(130067, 1152, 0.0, [158.08386, 77.66045, 115.0623])
mid-20th-century_ADJ
(147350, 1152, 0.0, [157.87837, 77.791626, 115.10874])
early-19th-century_ADJ
(176619, 1152, 0.0, [158.08678, 77.83304, 115.142845])
mid-twentieth-century_ADJ
(255599, 1152, 0.0, [157.955, 77.61747, 114.99266])
utc_NOUN
(24152, 1148, 0.0, [171.4287, 80.57346, 130.24498])
late-nineteenth_ADJ
(169277, 1147, 0.0, [158.61853, 77.26211, 114.72315])
00:00_NUM
(56185, 1145, 0.0, [171.10567, 80.10864, 130.3622])
0730_NUM
(283699, 1140, 0.0, [171.30946, 80.16402, 130.47804])
11:59_NUM
(126385, 1136, 0.0, [172.18912, 81.09763, 129.78043])
12:05_NUM
(144162, 1119, 0.0, [172.42273, 80.96577, 129.91296])
07:00_NUM
(55304, 1062, 0.0, [171.75182, 80.267006, 130.55598])
08:30_NUM
(88602, 1062, 0.0, [171.71657, 80.23524, 130.50458])
06:30_NUM
(97137, 1062, 0.0, [171.62721, 80.238625, 130.54036])
04:30_NUM
(115404, 1062, 0.0, [171.54216, 80.233315, 130.49905])
08:15_NUM
(219695, 1062, 0.0, [171.6929, 80.25071, 130.51273])
06:45_NUM
(241758, 1062, 0.0, [171.67343, 80.25388, 130.50551])
07:15_NUM
(257453, 1062, 0.0, [171.76472, 80.291466, 130.51875])
07:30_NUM
(98360, 1054, 0.0, [171.52745, 80.13608, 130.59067])
0700_NUM
(136537, 1054, 0.0, [171.47975, 80.04421, 130.56444])
02:30_NUM
(150709, 1054, 0.0, [171.49516, 80.17309, 130.52216])
18:30_NUM
(61784, 1047, 0.0, [172.2308, 80.36791, 130.50029])
22:30_NUM
(88833, 1047, 0.0, [172.23695, 80.364586, 130.51729])
23:30_NUM
(115648, 1047, 0.0, [172.1403, 80.35457, 130.51878])
16:45_NUM
(215188, 1047, 0.0, [172.42137, 80.35141, 130.58836])
h-hour_NOUN
(285046, 1047, 0.0, [171.30768, 80.30661, 130.49985])
22:00_NUM
(43818, 1043, 0.0, [172.00052, 80.32725, 130.50899])
19:30_NUM
(55270, 1043, 0.0, [172.07184, 80.33226, 130.50887])
17:30_NUM
(68941, 1043, 0.0, [172.02211, 80.32446, 130.50221])
21:30_NUM
(83773, 1043, 0.0, [172.04736, 80.33326, 130.51491])
24:00_NUM
(209738, 1043, 0.0, [171.84576, 80.34945, 130.51138])
seventeenth-century_NOUN
(175792, 1042, 0.0, [158.15648, 78.96675, 115.50148])
05:15_NUM
(291374, 1040, 0.0, [172.09416, 80.6497, 130.51433])
0900_NUM
(85937, 1037, 0.0, [171.19183, 80.034645, 130.52031])
0800_NUM
(87402, 1037, 0.0, [171.2837, 80.038895, 130.54285])
0300_NUM
(117449, 1037, 0.0, [171.178, 79.97981, 130.52689])
0100_NUM
(146057, 1037, 0.0, [171.36417, 80.05297, 130.54126])
0500_NUM
(167626, 1037, 0.0, [171.33043, 80.04, 130.54807])
0200_NUM
(170326, 1037, 0.0, [171.38145, 80.06631, 130.53218])
0400_NUM
(170971, 1037, 0.0, [171.39989, 80.12015, 130.51094])
0830_NUM
(217323, 1037, 0.0, [171.40067, 80.075134, 130.51083])
0630_NUM
(247328, 1037, 0.0, [171.40616, 80.069824, 130.53265])
0930_NUM
(268157, 1037, 0.0, [171.4241, 80.04495, 130.5576])
0600_NUM
(55219, 1017, 0.0, [170.16774, 79.63512, 130.39696])
