respectively_ADV
(1302, 64689, 1.0, [67.80374, 18.79171, 143.57149])
20_PROPN
(99155, 63072, 0.0, [67.6652, 19.06271, 143.44565])
10_NUM
(144, 62517, 0.0, [67.52314, 18.73133, 143.5659])
18_NUM
(188, 62517, 0.0, [67.47811, 18.70488, 143.57582])
12_NUM
(222, 62517, 0.0, [67.50278, 18.72551, 143.56902])
20_NUM
(227, 62517, 0.0, [67.50858, 18.72384, 143.56749])
15_NUM
(234, 62517, 0.0, [67.53419, 18.77542, 143.55132])
11_NUM
(279, 62517, 0.0, [67.49935, 18.72091, 143.57042])
30_NUM
(280, 62517, 0.0, [67.49064, 18.70844, 143.57271])
25_NUM
(290, 62517, 0.0, [67.483284, 18.70466, 143.57533])
16_NUM
(296, 62517, 0.0, [67.5273, 18.7572, 143.55919])
14_NUM
(300, 62517, 0.0, [67.51333, 18.74369, 143.56297])
13_NUM
(317, 62517, 0.0, [67.50845, 18.7339, 143.56612])
24_NUM
(350, 62517, 0.0, [67.4824, 18.70535, 143.57503])
17_NUM
(369, 62517, 0.0, [67.50191, 18.72848, 143.56647])
21_NUM
(437, 62517, 0.0, [67.49269, 18.71272, 143.57054])
19_NUM
(454, 62517, 0.0, [67.499176, 18.72277, 143.56868])
22_NUM
(456, 62517, 1.0, [67.49147, 18.71041, 143.57127])
23_NUM
(485, 62517, 0.0, [67.49298, 18.70975, 143.57182])
28_NUM
(507, 62517, 0.0, [67.4926, 18.70931, 143.57208])
26_NUM
(514, 62517, 0.0, [67.49406, 18.71145, 143.57156])
27_NUM
(522, 62517, 0.0, [67.49855, 18.71136, 143.57123])
29_NUM
(588, 62517, 0.0, [67.49359, 18.71083, 143.57187])
31_NUM
(699, 62517, 0.0, [67.494705, 18.71195, 143.57126])
+10_NUM
(60292, 1684, 0.0, [76.562454, 43.17861, 136.94548])
+20_NUM
(74131, 1684, 0.0, [76.54899, 43.243114, 136.95435])
+12_NUM
(81351, 1684, 0.0, [76.56341, 43.173004, 136.9421])
+15_NUM
(104552, 1684, 0.0, [76.55609, 43.200634, 136.95609])
+13_NUM
(118491, 1684, 0.0, [76.56119, 43.192513, 136.95078])
+14_NUM
(120024, 1684, 0.0, [76.56388, 43.18482, 136.94885])
+16_NUM
(138835, 1684, 0.0, [76.56093, 43.195175, 136.95488])
+25_NUM
(169117, 1684, 0.0, [76.5645, 43.26963, 136.96841])
+18_NUM
(206106, 1684, 0.0, [76.56248, 43.207535, 136.95625])
+23_NUM
(241063, 1684, 0.0, [76.565544, 43.229168, 136.96164])
+19_NUM
(259007, 1684, 0.0, [76.55623, 43.22558, 136.95705])
+24_NUM
(269549, 1684, 0.0, [76.55943, 43.236984, 136.9576])
+22_NUM
(271272, 1684, 0.0, [76.55668, 43.235535, 136.95627])
+30_NUM
(120592, 1650, 0.0, [76.48869, 43.393875, 136.94551])
+50_NUM
(207900, 1650, 0.0, [76.46992, 43.46356, 136.87184])
+40_NUM
(223244, 1650, 0.0, [76.50193, 43.492878, 136.93616])
+45_NUM
(264902, 1650, 0.0, [76.48131, 43.44481, 136.95013])
+3_NUM
(30298, 1627, 0.0, [76.67477, 43.26322, 136.85936])
+5_NUM
(39733, 1627, 0.0, [76.65211, 43.24944, 136.86964])
+7_NUM
(52925, 1627, 0.0, [76.641, 43.239944, 136.88614])
+8_NUM
(53391, 1627, 0.0, [76.58811, 43.19057, 136.92348])
+6_NUM
(56501, 1627, 0.0, [76.59583, 43.222195, 136.87958])
+9_NUM
(78459, 1627, 0.0, [76.57616, 43.18521, 136.9382])
+11_NUM
(112113, 1627, 0.0, [76.57498, 43.1875, 136.93985])
+21_NUM
(180494, 1627, 0.0, [76.57178, 43.20296, 136.95706])
+17_NUM
(184337, 1627, 0.0, [76.62188, 43.25781, 136.9535])
+2_NUM
(17275, 1609, 0.0, [76.766685, 43.331497, 136.84929])
+2_NOUN
(49160, 1609, 0.0, [76.84656, 43.36197, 136.87485])
+3_NOUN
(105296, 1609, 0.0, [76.769104, 43.341816, 136.85173])
+26_NUM
(217689, 1609, 0.0, [76.667816, 43.31756, 136.9536])
+0_NUM
(73912, 1607, 0.0, [76.50273, 43.38182, 136.64626])
+90_NUM
(215939, 1595, 0.0, [76.4289, 43.72198, 137.0118])
+60_NUM
(228936, 1595, 0.0, [76.443535, 43.6159, 136.97028])
+1_NUM
(14860, 1591, 0.0, [77.043236, 43.52544, 136.88191])
+4_NUM
(42007, 1583, 0.0, [76.620865, 43.29776, 136.81145])
+4_NOUN
(110514, 1583, 0.0, [76.693436, 43.36488, 136.8084])
-0_NUM
(94580, 1393, 0.0, [76.012955, 43.64579, 136.133])
