91.5_NUM
(44036, 33457, 0.0, [39.85877, 154.42818, 226.4043])
91.7_NUM
(44744, 33457, 0.0, [39.860584, 154.43008, 226.40231])
91.9_NUM
(45749, 33457, 0.0, [39.86197, 154.43137, 226.40086])
88.1_NUM
(46675, 33457, 0.0, [39.85765, 154.42708, 226.4057])
90.7_NUM
(47190, 33457, 0.0, [39.858864, 154.42752, 226.404])
91.1_NUM
(47463, 33457, 0.0, [39.85978, 154.4291, 226.40326])
91.3_NUM
(48395, 33457, 0.0, [39.860954, 154.43013, 226.402])
89.9_NUM
(48826, 33457, 0.0, [39.78326, 154.34631, 226.48293])
90.3_NUM
(48934, 33457, 0.0, [39.8576, 154.42667, 226.40524])
88.5_NUM
(49064, 33457, 0.0, [39.86109, 154.42921, 226.40152])
90.5_NUM
(50180, 33457, 0.0, [39.85883, 154.4289, 226.40459])
89.3_NUM
(50444, 33457, 0.0, [39.858288, 154.42761, 226.40492])
90.1_NUM
(50461, 33457, 0.0, [39.861248, 154.42987, 226.40163])
90.9_NUM
(50471, 33457, 0.0, [39.860546, 154.42966, 226.40242])
88.9_NUM
(50618, 33457, 0.0, [39.85646, 154.42513, 226.40652])
89.5_NUM
(51364, 33457, 0.0, [39.859573, 154.42854, 226.40327])
89.7_NUM
(53587, 33457, 0.0, [39.8573, 154.42712, 226.40585])
89.1_NUM
(54024, 33457, 1.0, [39.861385, 154.4291, 226.40108])
88.3_NUM
(54072, 33457, 0.0, [39.85271, 154.42169, 226.41063])
88.7_NUM
(54857, 33457, 0.0, [39.858685, 154.42772, 226.40424])
87.7_NUM
(63702, 33457, 0.0, [39.861095, 154.42938, 226.40141])
99.9_NUM
(33452, 32724, 1.0, [39.3016, 153.827, 226.9681])
99.5_NUM
(34726, 32724, 0.0, [39.29761, 153.83054, 226.98221])
97.5_NUM
(35524, 32724, 0.0, [39.30662, 153.84232, 226.97783])
98.5_NUM
(37648, 32724, 0.0, [39.30194, 153.8377, 226.98119])
93.5_NUM
(37682, 32724, 0.0, [39.32411, 153.86153, 226.96072])
94.9_NUM
(37946, 32724, 0.0, [39.303524, 153.83891, 226.98143])
97.3_NUM
(38196, 32724, 0.0, [39.304245, 153.83769, 226.9804])
96.5_NUM
(38394, 32724, 0.0, [39.30666, 153.84422, 226.9786])
92.5_NUM
(38898, 32724, 0.0, [39.31951, 153.85506, 226.9647])
96.7_NUM
(38965, 32724, 0.0, [39.308517, 153.84587, 226.97649])
94.5_NUM
(39249, 32724, 0.0, [39.308826, 153.84384, 226.9742])
95.5_NUM
(39292, 32724, 0.0, [39.30856, 153.84467, 226.97498])
92.3_NUM
(39582, 32724, 0.0, [39.33977, 153.87685, 226.94421])
92.7_NUM
(39844, 32724, 0.0, [39.335594, 153.87434, 226.94885])
97.7_NUM
(39999, 32724, 0.0, [39.307632, 153.8448, 226.97702])
97.1_NUM
(40146, 32724, 0.0, [39.31012, 153.84712, 226.97458])
98.7_NUM
(40406, 32724, 0.0, [39.30702, 153.84332, 226.97758])
95.3_NUM
(41105, 32724, 0.0, [39.30898, 153.84496, 226.97592])
96.3_NUM
(41177, 32724, 0.0, [39.307243, 153.84433, 226.97794])
96.9_NUM
(41229, 32724, 0.0, [39.305595, 153.84134, 226.9795])
93.3_NUM
(41235, 32724, 0.0, [39.34103, 153.87958, 226.94305])
93.7_NUM
(41290, 32724, 0.0, [39.328587, 153.86569, 226.95593])
98.3_NUM
(41488, 32724, 0.0, [39.30612, 153.84323, 226.9782])
95.7_NUM
(41737, 32724, 0.0, [39.31491, 153.8526, 226.97037])
92.1_NUM
(41779, 32724, 0.0, [39.33191, 153.8708, 226.95255])
94.1_NUM
(41861, 32724, 0.0, [39.315662, 153.85228, 226.96814])
94.3_NUM
(42246, 32724, 0.0, [39.326756, 153.86441, 226.95796])
97.9_NUM
(42415, 32724, 0.0, [39.30502, 153.84174, 226.9793])
92.9_NUM
(43080, 32724, 0.0, [39.34546, 153.88358, 226.93845])
96.1_NUM
(43164, 32724, 0.0, [39.31832, 153.85683, 226.9664])
94.7_NUM
(43177, 32724, 0.0, [39.314243, 153.84958, 226.9689])
95.9_NUM
(43955, 32724, 0.0, [39.3141, 153.85197, 226.97052])
98.1_NUM
(44402, 32724, 0.0, [39.308266, 153.8445, 226.9757])
99.7_NUM
(44774, 32724, 1.0, [39.297646, 153.8324, 226.96388])
93.9_NUM
(44855, 32724, 0.0, [39.321808, 153.85936, 226.96278])
99.1_NUM
(44919, 32724, 0.0, [39.303677, 153.8381, 226.9782])
93.1_NUM
(45123, 32724, 0.0, [39.42985, 153.97336, 226.85075])
95.1_NUM
(45192, 32724, 0.0, [39.31382, 153.85072, 226.97089])
99.3_NUM
(45507, 32724, 0.0, [39.30224, 153.83664, 226.97894])
98.9_NUM
(46402, 32724, 0.0, [39.30189, 153.83667, 226.97942])
