2.40_NUM
(40987, 56664, 0.0, [107.800735, 96.50093, 4.1703])
2.53_NUM
(41404, 56664, 0.0, [107.813896, 96.442444, 4.01313])
2.48_NUM
(41720, 56664, 0.0, [107.81112, 96.48565, 4.04427])
2.46_NUM
(42186, 56664, 0.0, [107.762436, 96.50546, 4.02475])
2.43_NUM
(42322, 56664, 0.0, [107.82354, 96.45448, 4.08087])
2.49_NUM
(43796, 56664, 0.0, [107.762184, 96.51991, 4.03379])
2.51_NUM
(45924, 56664, 0.0, [107.71696, 96.5346, 4.024105])
2.30_NUM
(37292, 56209, 0.0, [107.75593, 96.60234, 4.20468])
2.44_NUM
(40083, 56209, 0.0, [107.72567, 96.806694, 4.21992])
2.39_NUM
(43221, 56209, 0.0, [107.82489, 96.68043, 4.20208])
2.57_NUM
(43298, 56209, 0.0, [107.75599, 96.634735, 4.07377])
2.41_NUM
(45261, 56209, 0.0, [107.85401, 96.62031, 4.22119])
2.21_NUM
(50932, 56209, 0.0, [107.854836, 96.57243, 4.19855])
average_ADJ
(524, 55439, 1.0, [107.5128, 96.37601, 3.79854])
2.45_NUM
(35555, 55166, 0.0, [107.74173, 96.369064, 3.93438])
2.54_NUM
(40058, 55166, 0.0, [107.55637, 96.31114, 3.73346])
2.47_NUM
(41820, 55166, 0.0, [107.73179, 96.4609, 3.96726])
2.63_NUM
(41882, 55166, 0.0, [107.67931, 96.36432, 3.84056])
2.67_NUM
(42276, 55166, 0.0, [107.571754, 96.38789, 3.81116])
2.52_NUM
(42732, 55166, 0.0, [107.76429, 96.44533, 3.95596])
2.77_NUM
(43272, 55166, 0.0, [107.61463, 96.21236, 3.69303])
2.76_NUM
(43274, 55166, 0.0, [107.55622, 96.25683, 3.70739])
2.78_NUM
(43351, 55166, 0.0, [107.58964, 96.25336, 3.72456])
2.72_NUM
(43500, 55166, 0.0, [107.59824, 96.36432, 3.80043])
2.74_NUM
(43750, 55166, 0.0, [107.61333, 96.33714, 3.78521])
2.58_NUM
(44151, 55166, 0.0, [107.64426, 96.400696, 3.84299])
2.61_NUM
(44431, 55166, 0.0, [107.67107, 96.371284, 3.8605])
2.59_NUM
(44770, 55166, 0.0, [107.72775, 96.35792, 3.86891])
2.66_NUM
(45559, 55166, 0.0, [107.66069, 96.39441, 3.83386])
2.73_NUM
(45677, 55166, 0.0, [107.529755, 96.33339, 3.7187])
2.64_NUM
(46826, 55166, 0.0, [107.67163, 96.391464, 3.87151])
2.69_NUM
(48138, 55166, 0.0, [107.61251, 96.24732, 3.73709])
2.62_NUM
(48145, 55166, 0.0, [107.67444, 96.27164, 3.78057])
2.00_NUM
(30529, 55101, 0.0, [107.20869, 96.577896, 4.48223])
2.17_NUM
(50779, 54978, 0.0, [107.96276, 96.49741, 4.25663])
2.13_NUM
(52315, 54649, 0.0, [108.13118, 96.482704, 4.50756])
2.35_NUM
(36436, 54582, 0.0, [107.90696, 96.61975, 4.28704])
2.38_NUM
(40082, 54582, 0.0, [107.970634, 96.63515, 4.31707])
2.36_NUM
(41678, 54582, 0.0, [107.90008, 96.617455, 4.29509])
2.42_NUM
(42522, 54582, 0.0, [107.90996, 96.61538, 4.22048])
2.37_NUM
(42903, 54582, 0.0, [107.940895, 96.58144, 4.31189])
2.34_NUM
(44670, 54582, 0.0, [107.887856, 96.61875, 4.26889])
2.15_NUM
(44928, 54582, 0.0, [107.96133, 96.56373, 4.32121])
2.68_NUM
(45375, 54582, 0.0, [107.94301, 96.66941, 4.14221])
2.28_NUM
(46687, 54582, 0.0, [107.916695, 96.64466, 4.29406])
2.26_NUM
(46882, 54582, 0.0, [107.92308, 96.563644, 4.26181])
2.20_NUM
(47972, 54582, 0.0, [107.93402, 96.600494, 4.31605])
2.16_NUM
(49578, 54582, 0.0, [107.91505, 96.61991, 4.24333])
2.22_NUM
(50167, 54582, 0.0, [107.96719, 96.60345, 4.32249])
2.19_NUM
(53935, 54582, 0.0, [107.91248, 96.61387, 4.30318])
2.33_NUM
(42489, 54524, 0.0, [107.9666, 96.62808, 4.33826])
2.31_NUM
(44017, 54524, 0.0, [107.97848, 96.84953, 4.52363])
2.29_NUM
(45032, 54524, 0.0, [107.94221, 96.650696, 4.33206])
2.32_NUM
(45765, 54524, 0.0, [107.96162, 96.639694, 4.35116])
2.24_NUM
(47671, 54524, 0.0, [107.97804, 96.62299, 4.37172])
2.23_NUM
(48000, 54524, 0.0, [107.89305, 96.71465, 4.3573])
2.10_NUM
(50445, 54524, 0.0, [107.924034, 96.73825, 4.43556])
2.18_NUM
(52402, 54524, 0.0, [108.11363, 96.54989, 4.54955])
2.14_NUM
(52767, 54524, 0.0, [108.00849, 96.55455, 4.37765])
2.05_NUM
(55047, 54524, 0.0, [108.164795, 96.65182, 4.62057])
2.06_NUM
(55070, 54524, 0.0, [108.077965, 96.73546, 4.4809])
2.12_NUM
(57092, 54524, 0.0, [107.96764, 96.58976, 4.34084])
2.09_NUM
(62515, 54524, 0.0, [108.14615, 96.64044, 4.64174])
2.07_NUM
(62718, 54524, 0.0, [108.08899, 96.75004, 4.43547])
2.55_NUM
(40037, 54467, 0.0, [107.76537, 96.18239, 3.77658])
2.71_NUM
(46145, 54467, 0.0, [107.61844, 96.15447, 3.66817])
size_NOUN
(491, 54378, 0.0, [107.43925, 95.99432, 3.67044])
2.50_NUM
(26855, 54090, 0.0, [107.18938, 96.496414, 4.19472])
3.00_NUM
(24739, 53698, 0.0, [106.92067, 96.53742, 3.83275])
3.30_NUM
(53712, 53698, 0.0, [106.926636, 96.45465, 3.72678])
2.98_NUM
(35914, 52552, 0.0, [107.32405, 96.24921, 3.53493])
2.86_NUM
(36395, 52552, 0.0, [107.49617, 96.21495, 3.62134])
2.82_NUM
(39397, 52552, 0.0, [107.46323, 96.224144, 3.615465])
2.80_NUM
(41543, 52552, 0.0, [107.44929, 96.25154, 3.65583])
2.56_NUM
(41852, 52009, 0.0, [107.59054, 96.41527, 3.65426])
2.95_NUM
(34175, 51806, 0.0, [107.43552, 96.08154, 3.50153])
2.93_NUM
(34257, 51806, 0.0, [107.48641, 96.04145, 3.47774])
2.97_NUM
(34974, 51806, 0.0, [107.3859, 95.993645, 3.35832])
2.94_NUM
(35014, 51806, 0.0, [107.453735, 96.10759, 3.53093])
2.91_NUM
(35231, 51806, 0.0, [107.413536, 96.19055, 3.58286])
2.88_NUM
(35489, 51806, 0.0, [107.43213, 96.066536, 3.48036])
2.83_NUM
(36417, 51806, 0.0, [107.444626, 96.08961, 3.50954])
2.96_NUM
(36505, 51806, 0.0, [107.4503, 96.08898, 3.49616])
2.90_NUM
(36621, 51806, 0.0, [107.447685, 96.096756, 3.51242])
2.92_NUM
(36760, 51806, 0.0, [107.44605, 96.11137, 3.52303])
3.04_NUM
(36817, 51806, 0.0, [107.38363, 95.96328, 3.34788])
2.85_NUM
(37433, 51806, 0.0, [107.468216, 96.07229, 3.50608])
2.89_NUM
(37710, 51806, 0.0, [107.52036, 96.124725, 3.57534])
3.05_NUM
(37855, 51806, 0.0, [107.35382, 96.04884, 3.39477])
2.60_NUM
(38136, 51806, 0.0, [107.49922, 96.206245, 3.6441])
3.02_NUM
(38551, 51806, 0.0, [107.36042, 95.99326, 3.36894])
3.07_NUM
(39471, 51806, 0.0, [107.48159, 95.918465, 3.36522])
3.11_NUM
(39563, 51806, 0.0, [107.34569, 95.957184, 3.33841])
3.01_NUM
(39929, 51806, 0.0, [107.361404, 95.967766, 3.37412])
3.10_NUM
(40055, 51806, 0.0, [107.26787, 96.092606, 3.476915])
3.15_NUM
(40323, 51806, 0.0, [107.27699, 96.11954, 3.45878])
3.08_NUM
(41051, 51806, 0.0, [107.38756, 95.92039, 3.36281])
2.81_NUM
(41509, 51806, 0.0, [107.51095, 96.13998, 3.58995])
3.14_NUM
(42562, 51806, 0.0, [107.35254, 95.936455, 3.32907])
2.70_NUM
(43027, 51806, 0.0, [107.49321, 96.16114, 3.59421])
3.13_NUM
(44300, 51806, 0.0, [107.35848, 95.92743, 3.33679])
3.20_NUM
(48641, 51806, 0.0, [107.252754, 96.11463, 3.51453])
3.17_NUM
(49303, 51806, 0.0, [107.30571, 96.123245, 3.4235])
2.84_NUM
(38913, 51586, 0.0, [107.53061, 95.97647, 3.49513])
2.65_NUM
(40836, 51586, 0.0, [107.59259, 96.113235, 3.6372])
2.79_NUM
(42986, 51586, 0.0, [107.6015, 96.1135, 3.61542])
2.08_NUM
(54180, 51553, 0.0, [108.2187, 96.539825, 4.62802])
2.27_NUM
(46018, 51394, 0.0, [108.22953, 96.61077, 4.52491])
2.04_NUM
(61521, 51394, 0.0, [108.25979, 96.54811, 4.65934])
1.95_NUM
(48657, 50515, 0.0, [108.45592, 96.03024, 4.59817])
3.40_NUM
(70556, 50158, 0.0, [107.17294, 95.95532, 3.46074])
1.96_NUM
(53345, 49968, 0.0, [108.40819, 96.37149, 4.7681])
1.93_NUM
(54500, 49968, 0.0, [108.416855, 96.36137, 4.77535])
1.80_NUM
(54711, 49968, 0.0, [108.45017, 96.27672, 4.81982])
1.98_NUM
(56219, 49968, 0.0, [108.46689, 96.34864, 4.8355])
1.88_NUM
(56833, 49968, 0.0, [108.49845, 96.276695, 4.8504])
1.92_NUM
(57162, 49968, 0.0, [108.48803, 96.264694, 4.85594])
1.90_NUM
(57997, 49968, 0.0, [108.46593, 96.2878, 4.82994])
2.02_NUM
(60497, 49968, 0.0, [108.35569, 96.47911, 4.6992])
2.03_NUM
(60504, 49968, 0.0, [108.30909, 96.50995, 4.72006])
2.01_NUM
(61320, 49968, 0.0, [108.31008, 96.49815, 4.71866])
1.94_NUM
(63210, 49968, 0.0, [108.47561, 96.26796, 4.82412])
1.97_NUM
(65181, 49968, 0.0, [108.50087, 96.271, 4.88259])
1.91_NUM
(65941, 49968, 0.0, [108.45108, 96.312256, 4.80932])
1.89_NUM
(64463, 48970, 0.0, [108.50553, 96.183815, 4.89256])
2.75_NUM
(28431, 48931, 0.0, [107.800896, 95.64437, 3.64132])
3.37_NUM
(80601, 48780, 0.0, [107.482574, 95.75634, 3.33882])
3.03_NUM
(37148, 47831, 0.0, [107.35913, 95.92277, 3.29439])
3.50_NUM
(49361, 47643, 0.0, [106.79751, 96.68196, 4.10999])
2.99_NUM
(36161, 47434, 0.0, [107.17056, 96.2436, 3.25053])
2.11_NUM
(54415, 46422, 0.0, [108.42658, 96.92253, 4.8563])
1.00_NUM
(26555, 45939, 0.0, [107.7782, 96.383934, 5.24594])
3.06_NUM
(38639, 45322, 0.0, [107.399704, 95.82423, 3.31181])
3.12_NUM
(41918, 45322, 0.0, [107.371666, 95.87626, 3.29236])
3.16_NUM
(47263, 45322, 0.0, [107.41541, 95.773445, 3.2763])
3.18_NUM
(47677, 45322, 0.0, [107.39973, 95.85019, 3.31319])
3.23_NUM
(53115, 45322, 0.0, [107.41272, 95.75585, 3.27361])
3.19_NUM
(53972, 45322, 0.0, [107.43377, 95.606186, 3.18809])
3.24_NUM
(55462, 45322, 0.0, [107.441734, 95.709816, 3.2601])
3.26_NUM
(61643, 45322, 0.0, [107.47543, 95.70559, 3.29397])
3.31_NUM
(65021, 45322, 0.0, [107.3973, 95.73835, 3.26514])
1.83_NUM
(54776, 44777, 0.0, [108.58576, 96.13474, 4.96538])
1.86_NUM
(62141, 44777, 0.0, [108.60768, 96.10022, 4.98017])
1.50_NUM
(34089, 44655, 0.0, [107.854164, 96.19175, 5.04815])
2.87_NUM
(39315, 43841, 0.0, [107.19263, 95.7816, 3.23341])
3.25_NUM
(35570, 42684, 0.0, [107.83763, 95.23465, 3.33144])
1.99_NUM
(58410, 41666, 0.0, [108.27033, 95.35399, 3.7549])
1.78_NUM
(57113, 41359, 0.0, [108.68904, 96.0244, 5.07354])
1.87_NUM
(65261, 41359, 0.0, [108.60013, 96.18935, 5.05157])
3.09_NUM
(41513, 39937, 0.0, [107.50243, 95.47355, 3.14443])
3.21_NUM
(56762, 39937, 0.0, [107.445694, 95.5076, 3.16069])
3.33_NUM
(57473, 39937, 0.0, [107.52674, 95.417656, 3.17428])
3.45_NUM
(63437, 39937, 0.0, [107.52634, 95.282425, 3.07468])
3.42_NUM
(75150, 39937, 0.0, [107.527504, 95.30225, 3.103065])
3.36_NUM
(72153, 39930, 0.0, [107.55405, 95.33718, 3.12794])
3.32_NUM
(73945, 39930, 0.0, [107.53315, 95.4734, 3.15535])
1.82_NUM
(62329, 39450, 0.0, [108.833954, 95.85348, 5.24645])
3.27_NUM
(59439, 33849, 0.0, [107.279526, 95.3302, 2.9749])
3.22_NUM
(54033, 32888, 0.0, [106.98939, 95.4429, 2.91116])
3.90_NUM
(110973, 30478, 0.0, [106.753006, 95.26312, 2.86369])
3.35_NUM
(58724, 26140, 0.0, [107.514885, 95.13765, 3.04602])
2.25_NUM
(27772, 25470, 0.0, [107.91887, 95.04948, 3.12858])
4.10_NUM
(91715, 25428, 0.0, [106.32194, 95.74947, 2.92786])
1.85_NUM
(39953, 24768, 0.0, [108.981, 96.31509, 5.35788])
1.84_NUM
(71705, 23858, 0.0, [108.95089, 95.796, 5.35121])
4.00_NUM
(46655, 23444, 0.0, [105.95706, 97.228264, 4.01129])
3.28_NUM
(62337, 22190, 0.0, [107.616974, 95.005005, 2.9686])
3.29_NUM
(65298, 22190, 0.0, [107.62979, 94.8883, 2.87955])
1.77_NUM
(66514, 21801, 0.0, [109.18162, 95.468025, 5.6412])
1.81_NUM
(68773, 21801, 0.0, [109.1885, 95.42809, 5.62863])
7.70_NUM
(119519, 21503, 0.0, [101.99125, 100.09355, 3.37771])
15.50_NUM
(148638, 21503, 0.0, [102.18272, 99.90812, 3.46963])
18.20_NUM
(189414, 21503, 0.0, [102.08797, 99.99774, 3.49336])
18.10_NUM
(255653, 21503, 0.0, [101.97469, 100.11045, 3.64245])
12.50_NUM
(88370, 21395, 0.0, [102.161476, 99.969025, 3.81204])
10.50_NUM
(90993, 21395, 0.0, [102.15493, 99.93544, 3.73486])
14.00_NUM
(93842, 21395, 0.0, [102.04913, 100.13919, 3.94815])
11.10_NUM
(100119, 21395, 0.0, [102.16318, 99.90104, 3.68873])
10.20_NUM
(102064, 21395, 0.0, [102.09981, 99.99328, 3.71447])
11.50_NUM
(105873, 21395, 0.0, [102.10058, 100.01006, 3.78125])
10.40_NUM
(107932, 21395, 0.0, [102.104294, 99.972664, 3.70571])
18.00_NUM
(108260, 21395, 0.0, [102.106995, 100.10619, 3.95333])
16.00_NUM
(109308, 21395, 0.0, [102.01256, 100.1615, 3.93145])
13.50_NUM
(109880, 21395, 0.0, [101.97647, 100.11391, 3.76144])
13.00_NUM
(110760, 21395, 0.0, [101.9737, 100.18448, 3.91973])
17.00_NUM
(112905, 21395, 0.0, [102.00295, 100.173355, 3.92136])
11.40_NUM
(116233, 21395, 0.0, [101.918465, 100.17953, 3.80893])
19.00_NUM
(117373, 21395, 0.0, [102.18817, 99.97922, 3.72274])
9.90_NUM
(119768, 21395, 0.0, [102.18807, 99.88967, 3.663635])
10.80_NUM
(122277, 21395, 0.0, [102.15564, 99.935684, 3.70943])
9.70_NUM
(126618, 21395, 0.0, [102.09325, 99.99127, 3.71685])
10.70_NUM
(127838, 21395, 0.0, [101.88665, 100.202126, 3.79221])
9.60_NUM
(128138, 21395, 0.0, [102.138084, 99.95159, 3.69851])
12.20_NUM
(129561, 21395, 0.0, [101.98108, 100.12208, 3.78594])
13.10_NUM
(133701, 21395, 0.0, [102.081665, 99.99, 3.72164])
10.60_NUM
(134708, 21395, 0.0, [102.0384, 100.051765, 3.72303])
11.70_NUM
(137983, 21395, 0.0, [101.902565, 100.18513, 3.78498])
10.90_NUM
(139435, 21395, 0.0, [102.05795, 100.03175, 3.69595])
12.90_NUM
(139684, 21395, 0.0, [101.88886, 100.19935, 3.80292])
11.60_NUM
(139919, 21395, 0.0, [101.91806, 100.17155, 3.78668])
11.90_NUM
(140521, 21395, 0.0, [101.961555, 100.12905, 3.77008])
13.20_NUM
(142374, 21395, 0.0, [101.885956, 100.19911, 3.80514])
12.40_NUM
(145174, 21395, 0.0, [101.93154, 100.169075, 3.81816])
14.10_NUM
(151724, 21395, 0.0, [102.05306, 100.02118, 3.73429])
13.70_NUM
(166329, 21395, 0.0, [102.0247, 100.06279, 3.7404])
15.10_NUM
(167321, 21395, 0.0, [102.022766, 100.04953, 3.75175])
16.10_NUM
(190615, 21395, 0.0, [101.969955, 100.10921, 3.77898])
3.60_NUM
(85303, 21379, 0.0, [107.08421, 94.990074, 2.78628])
11.80_NUM
(141873, 21304, 0.0, [101.87824, 100.21035, 3.811855])
18.30_NUM
(179174, 21304, 0.0, [101.95631, 100.21905, 3.95437])
15.30_NUM
(191262, 21304, 0.0, [101.92695, 100.22925, 3.930025])
6.30_NUM
(52790, 20488, 0.0, [103.34946, 99.20117, 4.10286])
5.30_NUM
(55000, 20488, 0.0, [103.454414, 99.12809, 4.1405])
1.40_NUM
(56632, 20226, 0.0, [109.04597, 95.5729, 5.94071])
1.60_NUM
(59127, 20226, 0.0, [109.00081, 95.570984, 5.75928])
6.50_NUM
(72177, 20202, 0.0, [102.57512, 99.54768, 3.63301])
8.40_NUM
(106254, 20202, 0.0, [102.538925, 99.549, 3.59063])
20.00_NUM
(85751, 20158, 0.0, [102.68411, 99.59528, 3.81478])
7.30_NUM
(44909, 20144, 0.0, [103.26648, 99.270676, 4.09552])
9.00_NUM
(47788, 20144, 0.0, [103.29592, 99.241135, 4.09604])
8.00_NUM
(51246, 20144, 0.0, [103.20116, 99.3088, 4.06734])
7.00_NUM
(54017, 20144, 0.0, [103.31657, 99.23129, 4.09957])
4.40_NUM
(94246, 20086, 0.0, [103.346214, 98.73185, 3.40956])
4.20_NUM
(96575, 20086, 0.0, [103.459564, 98.59628, 3.37746])
4.60_NUM
(105529, 20086, 0.0, [103.36776, 98.632164, 3.35735])
15.00_NUM
(87673, 20075, 0.0, [102.35802, 99.891556, 3.91114])
8.90_NUM
(125220, 20075, 0.0, [102.205, 99.883354, 3.672895])
10.10_NUM
(75727, 20072, 0.0, [102.22026, 99.84222, 3.66072])
8.10_NUM
(87244, 20072, 0.0, [102.454666, 99.59586, 3.59448])
7.10_NUM
(98176, 20072, 0.0, [102.42533, 99.637886, 3.609])
8.20_NUM
(99710, 20072, 0.0, [102.336105, 99.75327, 3.64479])
7.80_NUM
(105654, 20072, 0.0, [102.52514, 99.571556, 3.54867])
9.20_NUM
(110421, 20072, 0.0, [102.37514, 99.71952, 3.64511])
7.40_NUM
(113334, 20072, 0.0, [102.45667, 99.63774, 3.61885])
9.40_NUM
(116009, 20072, 0.0, [102.32879, 99.76694, 3.63441])
7.90_NUM
(116642, 20072, 0.0, [102.50766, 99.5754, 3.58979])
7.60_NUM
(119019, 20072, 0.0, [102.434875, 99.65777, 3.61102])
12.10_NUM
(119670, 20072, 0.0, [102.23801, 99.82314, 3.66179])
9.80_NUM
(122589, 20072, 0.0, [102.275314, 99.814186, 3.63021])
8.80_NUM
(122757, 20072, 0.0, [102.51561, 99.575554, 3.41115])
8.60_NUM
(124664, 20072, 0.0, [102.287445, 99.806175, 3.64907])
8.70_NUM
(125457, 20072, 0.0, [102.33501, 99.75562, 3.61895])
7.50_NUM
(68638, 20004, 0.0, [102.466736, 99.68341, 3.71519])
12.00_NUM
(71889, 20004, 0.0, [102.48772, 99.81512, 3.97412])
8.50_NUM
(82431, 20004, 0.0, [102.42527, 99.700325, 3.68015])
9.50_NUM
(90851, 20004, 0.0, [102.34818, 99.76586, 3.69182])
9.10_NUM
(100946, 20004, 0.0, [102.230705, 99.839645, 3.6742])
7.20_NUM
(98665, 19964, 0.0, [102.62201, 99.4666, 3.56965])
6.40_NUM
(113567, 19964, 0.0, [102.70216, 99.38189, 3.54732])
6.20_NUM
(114304, 19964, 0.0, [102.61406, 99.47173, 3.57243])
6.60_NUM
(114658, 19964, 0.0, [102.79084, 99.284096, 3.51782])
6.80_NUM
(121698, 19964, 0.0, [102.679085, 99.386665, 3.53446])
6.70_NUM
(122407, 19964, 0.0, [102.58908, 99.49624, 3.55882])
6.90_NUM
(131885, 19964, 0.0, [102.61272, 99.45506, 3.55303])
10.00_NUM
(41318, 19934, 0.0, [102.94443, 99.481834, 4.01312])
10.30_NUM
(53127, 19934, 0.0, [103.027054, 99.46611, 4.08353])
8.30_NUM
(53713, 19934, 0.0, [103.15788, 99.35454, 4.08619])
9.30_NUM
(54201, 19934, 0.0, [103.04527, 99.436806, 4.07474])
11.00_NUM
(64788, 19934, 0.0, [103.090004, 99.39554, 4.06333])
11.30_NUM
(72790, 19934, 0.0, [103.029854, 99.44659, 4.068565])
14.50_NUM
(129395, 19789, 0.0, [101.65635, 100.43738, 3.92669])
13.30_NUM
(129584, 19789, 0.0, [101.83388, 100.2779, 3.89276])
14.30_NUM
(144735, 19789, 0.0, [101.841156, 100.26601, 3.85496])
12.60_NUM
(154530, 19789, 0.0, [101.84928, 100.23695, 3.82976])
13.60_NUM
(155622, 19789, 0.0, [101.84372, 100.24502, 3.82927])
16.50_NUM
(155748, 19789, 0.0, [101.65306, 100.43543, 3.93756])
13.90_NUM
(157575, 19789, 0.0, [101.82399, 100.26569, 3.82883])
14.20_NUM
(159954, 19789, 0.0, [101.77632, 100.31094, 3.84013])
14.40_NUM
(160582, 19789, 0.0, [101.768074, 100.31759, 3.87005])
13.80_NUM
(162524, 19789, 0.0, [101.69576, 100.38842, 3.91044])
14.60_NUM
(164961, 19789, 0.0, [101.60494, 100.48269, 3.94839])
12.80_NUM
(165802, 19789, 0.0, [101.7803, 100.30311, 3.87012])
16.30_NUM
(168889, 19789, 0.0, [101.80387, 100.32112, 3.92474])
17.30_NUM
(169535, 19789, 0.0, [101.805214, 100.31281, 3.91287])
14.80_NUM
(173733, 19789, 0.0, [101.76339, 100.32316, 3.86894])
12.70_NUM
(174076, 19789, 0.0, [101.74323, 100.3406, 3.87739])
14.90_NUM
(179175, 19789, 0.0, [101.80373, 100.28509, 3.84699])
13.40_NUM
(182368, 19789, 0.0, [101.69954, 100.38729, 3.90468])
15.40_NUM
(184552, 19789, 0.0, [101.864426, 100.22415, 3.78075])
15.60_NUM
(186969, 19789, 0.0, [101.74354, 100.34353, 3.868055])
19.30_NUM
(187255, 19789, 0.0, [101.7138, 100.40296, 3.97233])
15.90_NUM
(187496, 19789, 0.0, [101.74297, 100.34289, 3.88364])
16.20_NUM
(199782, 19789, 0.0, [101.7517, 100.318565, 3.80909])
17.90_NUM
(199881, 19789, 0.0, [101.68845, 100.39696, 3.91016])
17.20_NUM
(200608, 19789, 0.0, [101.72135, 100.36335, 3.8786])
14.70_NUM
(204687, 19789, 0.0, [101.72157, 100.36269, 3.89909])
20.40_NUM
(204838, 19789, 0.0, [101.65468, 100.42536, 3.80494])
17.60_NUM
(205233, 19789, 0.0, [101.65706, 100.43122, 3.94206])
17.10_NUM
(206873, 19789, 0.0, [101.54976, 100.53438, 3.9799])
15.80_NUM
(208929, 19789, 0.0, [101.61322, 100.447975, 3.89838])
16.80_NUM
(209623, 19789, 0.0, [101.626335, 100.458176, 3.94018])
15.70_NUM
(210846, 19789, 0.0, [101.7676, 100.31487, 3.87187])
18.40_NUM
(214602, 19789, 0.0, [101.61949, 100.46523, 3.94612])
18.60_NUM
(218111, 19789, 0.0, [101.66715, 100.418236, 3.91923])
19.20_NUM
(219251, 19789, 0.0, [101.60565, 100.47723, 3.95415])
16.90_NUM
(222679, 19789, 0.0, [101.63123, 100.45283, 3.93526])
16.70_NUM
(223214, 19789, 0.0, [101.63291, 100.4514, 3.94463])
19.90_NUM
(229966, 19789, 0.0, [101.85228, 100.22423, 3.676195])
16.60_NUM
(233370, 19789, 0.0, [101.619255, 100.461266, 3.96815])
17.40_NUM
(241325, 19789, 0.0, [101.67606, 100.409355, 3.90693])
18.90_NUM
(273311, 19789, 0.0, [101.637825, 100.44616, 3.92926])
5.50_NUM
(71480, 19712, 0.0, [103.02939, 99.127625, 3.56833])
5.40_NUM
(91928, 19712, 0.0, [103.09511, 99.01683, 3.4993])
6.10_NUM
(92213, 19712, 0.0, [102.90742, 99.12154, 3.47665])
4.80_NUM
(101306, 19712, 0.0, [103.0637, 99.019585, 3.47002])
5.70_NUM
(111383, 19712, 0.0, [103.06484, 98.94487, 3.41115])
5.20_NUM
(112595, 19712, 0.0, [103.03454, 99.02522, 3.46192])
5.60_NUM
(115126, 19712, 0.0, [102.97728, 99.042336, 3.44519])
5.90_NUM
(120511, 19712, 0.0, [102.9946, 99.022255, 3.43571])
4.70_NUM
(123126, 19712, 0.0, [103.10632, 98.90364, 3.41065])
4.90_NUM
(132043, 19712, 0.0, [102.99962, 99.0084, 3.43017])
12.30_NUM
(84641, 19420, 0.0, [102.86817, 99.56924, 4.05694])
1.20_NUM
(46508, 18828, 0.0, [109.07955, 95.62218, 6.13277])
1.30_NUM
(47716, 18697, 0.0, [109.10033, 95.47835, 5.98645])
1.70_NUM
(65729, 18697, 0.0, [109.179375, 95.44797, 5.71601])
5.00_NUM
(40476, 18345, 0.0, [105.19907, 97.92066, 4.2514])
20.10_NUM
(210417, 18276, 0.0, [101.516525, 100.56967, 3.98935])
11.20_NUM
(121118, 18210, 0.0, [101.654144, 100.44296, 4.10314])
21.00_NUM
(121772, 18210, 0.0, [101.762955, 100.38683, 4.00524])
.00_NUM
(83842, 18097, 0.0, [104.93371, 98.11625, 4.22683])
4.50_NUM
(58684, 17694, 0.0, [104.22022, 98.04053, 3.44934])
6.00_NUM
(48293, 17529, 0.0, [103.90267, 98.744965, 4.11103])
4.30_NUM
(63002, 17529, 0.0, [103.93487, 98.66856, 4.01423])
30.00_NUM
(110766, 17308, 0.0, [100.820045, 101.24416, 4.50883])
27.00_NUM
(128337, 17308, 0.0, [100.71226, 101.344604, 4.51479])
23.50_NUM
(133030, 17308, 0.0, [100.76255, 101.30614, 4.50569])
27.50_NUM
(133310, 17308, 0.0, [100.73684, 101.32074, 4.50461])
26.00_NUM
(133411, 17308, 0.0, [100.79472, 101.269684, 4.47864])
25.50_NUM
(136128, 17308, 0.0, [100.76321, 101.29989, 4.48904])
28.00_NUM
(140879, 17308, 0.0, [100.68585, 101.363235, 4.53936])
26.20_NUM
(143098, 17308, 0.0, [100.72479, 101.33717, 4.50783])
22.40_NUM
(144731, 17308, 0.0, [100.82435, 101.245995, 4.43423])
24.10_NUM
(146873, 17308, 0.0, [100.79261, 101.27919, 4.49284])
25.80_NUM
(147034, 17308, 0.0, [100.80907, 101.25639, 4.44037])
26.50_NUM
(147257, 17308, 0.0, [100.79864, 101.2663, 4.439535])
23.60_NUM
(147312, 17308, 0.0, [100.63707, 101.43404, 4.6544])
25.40_NUM
(148915, 17308, 0.0, [100.711624, 101.35099, 4.51466])
23.70_NUM
(149366, 17308, 0.0, [100.775246, 101.30231, 4.47959])
24.60_NUM
(149456, 17308, 0.0, [100.80889, 101.25682, 4.44029])
26.80_NUM
(154635, 17308, 0.0, [100.63601, 101.41623, 4.5565])
25.30_NUM
(154902, 17308, 0.0, [100.76465, 101.3007, 4.48011])
29.00_NUM
(154911, 17308, 0.0, [100.62983, 101.41552, 4.56541])
25.20_NUM
(155264, 17308, 0.0, [100.77862, 101.286674, 4.4667])
27.60_NUM
(155302, 17308, 0.0, [100.72243, 101.33772, 4.49708])
26.10_NUM
(155965, 17308, 0.0, [100.72412, 101.335266, 4.48734])
26.90_NUM
(155966, 17308, 0.0, [100.69254, 101.36331, 4.50854])
26.30_NUM
(156147, 17308, 0.0, [100.703705, 101.3558, 4.50566])
24.40_NUM
(156220, 17308, 0.0, [100.79137, 101.277756, 4.4661])
26.40_NUM
(157294, 17308, 0.0, [100.65722, 101.39459, 4.54])
27.10_NUM
(158006, 17308, 0.0, [100.68826, 101.367485, 4.51858])
25.60_NUM
(158102, 17308, 0.0, [100.777565, 101.286995, 4.45656])
28.20_NUM
(158665, 17308, 0.0, [100.610085, 101.43939, 4.56736])
25.10_NUM
(159161, 17308, 0.0, [100.787506, 101.27794, 4.45497])
26.70_NUM
(160047, 17308, 0.0, [100.73275, 101.32384, 4.494])
23.10_NUM
(161200, 17308, 0.0, [100.8356, 101.23216, 4.42282])
23.90_NUM
(161266, 17308, 0.0, [100.80431, 101.25906, 4.43511])
27.90_NUM
(162042, 17308, 0.0, [100.628395, 101.4164, 4.54534])
27.70_NUM
(162821, 17308, 0.0, [100.63038, 101.420586, 4.55288])
24.90_NUM
(162844, 17308, 0.0, [100.82521, 101.237816, 4.42165])
27.40_NUM
(163571, 17308, 0.0, [100.61679, 101.42899, 4.57438])
27.30_NUM
(163874, 17308, 0.0, [100.69262, 101.362305, 4.51142])
28.70_NUM
(165242, 17308, 0.0, [100.62053, 101.424515, 4.57035])
28.60_NUM
(166407, 17308, 0.0, [100.6977, 101.35365, 4.51399])
28.10_NUM
(169517, 17308, 0.0, [100.64109, 101.411446, 4.55167])
26.60_NUM
(169620, 17308, 0.0, [100.71643, 101.34519, 4.51007])
25.90_NUM
(173336, 17308, 0.0, [100.70877, 101.35179, 4.5118])
27.20_NUM
(173433, 17308, 0.0, [100.63425, 101.41474, 4.56142])
29.80_NUM
(181241, 17308, 0.0, [100.604225, 101.4407, 4.58705])
28.40_NUM
(182830, 17308, 0.0, [100.56489, 101.47688, 4.61431])
27.80_NUM
(184120, 17308, 0.0, [100.658, 101.39282, 4.54109])
29.50_NUM
(185650, 17308, 0.0, [100.634026, 101.412964, 4.56405])
21.90_NUM
(187219, 17308, 0.0, [100.851746, 101.21673, 4.42475])
28.80_NUM
(189009, 17308, 0.0, [100.729225, 101.30608, 4.51644])
31.00_NUM
(191455, 17308, 0.0, [100.72321, 101.29343, 4.57905])
32.00_NUM
(192934, 17308, 0.0, [100.60513, 101.427574, 4.64824])
29.90_NUM
(196795, 17308, 0.0, [100.57218, 101.46305, 4.63306])
29.10_NUM
(197407, 17308, 0.0, [100.56643, 101.480316, 4.61291])
29.30_NUM
(198948, 17308, 0.0, [100.5912, 101.45499, 4.588575])
28.90_NUM
(199807, 17308, 0.0, [100.56471, 101.480545, 4.61689])
33.00_NUM
(200767, 17308, 0.0, [100.586006, 101.44601, 4.65274])
30.50_NUM
(203848, 17308, 0.0, [100.555824, 101.47644, 4.64869])
32.50_NUM
(205636, 17308, 0.0, [100.66567, 101.36941, 4.58688])
29.70_NUM
(217485, 17308, 0.0, [100.56886, 101.47065, 4.61847])
29.40_NUM
(234031, 17308, 0.0, [100.65355, 101.40441, 4.55431])
33.50_NUM
(256099, 17308, 0.0, [100.55322, 101.47185, 4.66039])
20-64_NUM
(266735, 17308, 0.0, [100.72235, 101.24474, 4.64127])
tax-rate_NOUN
(276703, 17308, 0.0, [100.81454, 101.273125, 4.61918])
51.00_NUM
(292156, 17308, 0.0, [100.666336, 101.36909, 4.60433])
1.10_NUM
(47880, 17280, 0.0, [109.21989, 95.586845, 6.33172])
25.00_NUM
(87814, 17172, 0.0, [100.883965, 101.18801, 4.45204])
24.00_NUM
(104715, 17172, 0.0, [100.910545, 101.163, 4.38364])
50.00_NUM
(114839, 17172, 0.0, [101.05823, 101.0243, 4.47675])
24.80_NUM
(147740, 17172, 0.0, [100.87348, 101.193405, 4.41054])
25.70_NUM
(148449, 17172, 0.0, [100.889496, 101.17736, 4.38408])
24.30_NUM
(150226, 17172, 0.0, [100.90601, 101.16508, 4.38636])
23.20_NUM
(154169, 17172, 0.0, [100.891914, 101.176956, 4.38764])
23.80_NUM
(157501, 17172, 0.0, [100.90695, 101.16289, 4.38013])
23.40_NUM
(158074, 17172, 0.0, [100.89876, 101.1718, 4.39028])
22.60_NUM
(166269, 17172, 0.0, [100.93426, 101.13373, 4.35457])
24.70_NUM
(167298, 17172, 0.0, [100.89904, 101.169754, 4.38587])
22.70_NUM
(167312, 17172, 0.0, [100.90547, 101.16238, 4.37516])
22.10_NUM
(174409, 17172, 0.0, [100.9269, 101.1422, 4.35833])
22.90_NUM
(179036, 17172, 0.0, [100.90161, 101.16791, 4.38359])
60.00_NUM
(192425, 17172, 0.0, [100.915764, 101.144226, 4.51855])
40.00_NUM
(192470, 17172, 0.0, [100.96709, 101.0963, 4.48721])
pensionable_ADJ
(269192, 17172, 0.0, [101.07859, 100.95273, 4.57375])
45.00_NUM
(276727, 17172, 0.0, [100.88077, 101.172775, 4.52561])
37.50_NUM
(280062, 17172, 0.0, [101.10368, 100.95624, 4.37562])
75.00_NUM
(286561, 17172, 0.0, [100.894455, 101.17507, 4.55608])
1.56_NUM
(61168, 17076, 0.0, [109.34363, 95.212, 5.716085])
1.76_NUM
(62452, 17076, 0.0, [109.25287, 95.34032, 5.66483])
1.73_NUM
(63849, 17076, 0.0, [109.20509, 95.51349, 5.74438])
1.63_NUM
(64691, 17076, 0.0, [109.32263, 95.271645, 5.80202])
1.72_NUM
(65656, 17076, 0.0, [109.275406, 95.32507, 5.7197])
1.79_NUM
(67889, 17076, 0.0, [109.289696, 95.34477, 5.73404])
1.71_NUM
(68657, 17076, 0.0, [109.3784, 95.24478, 5.88095])
31.20_NUM
(212543, 17039, 0.0, [100.53805, 101.489525, 4.679565])
30.10_NUM
(222200, 17039, 0.0, [100.54, 101.48704, 4.66147])
31.40_NUM
(256201, 17039, 0.0, [100.56224, 101.4625, 4.68168])
36.00_NUM
(258111, 17039, 0.0, [100.56382, 101.46902, 4.68426])
32.80_NUM
(273625, 17039, 0.0, [100.56088, 101.46226, 4.67375])
3.38_NUM
(64519, 16961, 0.0, [107.62795, 94.84308, 2.89759])
3.34_NUM
(80695, 16961, 0.0, [107.6871, 94.65592, 2.78023])
3.48_NUM
(81748, 16961, 0.0, [107.70972, 94.584785, 2.74999])
3.49_NUM
(86376, 16961, 0.0, [107.66525, 94.761826, 2.87229])
3.44_NUM
(87961, 16961, 0.0, [107.7079, 94.547195, 2.73013])
1.43_NUM
(58600, 16881, 0.0, [109.492065, 95.23246, 6.07564])
22.00_NUM
(117678, 16762, 0.0, [101.407104, 100.70688, 4.14763])
22.30_NUM
(149406, 16762, 0.0, [101.220955, 100.86846, 4.20931])
21.30_NUM
(160190, 16762, 0.0, [101.485374, 100.62493, 4.09048])
21.50_NUM
(164070, 16762, 0.0, [101.48475, 100.576454, 4.04958])
17.50_NUM
(164405, 16762, 0.0, [101.40197, 100.680084, 4.14421])
20.50_NUM
(177120, 16762, 0.0, [101.506294, 100.57475, 4.01122])
19.50_NUM
(180646, 16762, 0.0, [101.39154, 100.68946, 4.10723])
20.30_NUM
(180665, 16762, 0.0, [101.413185, 100.67522, 4.08446])
15.20_NUM
(182455, 16762, 0.0, [101.53441, 100.554016, 4.12214])
18.50_NUM
(182534, 16762, 0.0, [101.49097, 100.591736, 4.03465])
20.20_NUM
(189285, 16762, 0.0, [101.43028, 100.65131, 4.05074])
21.20_NUM
(197263, 16762, 0.0, [101.31896, 100.75855, 4.13423])
16.40_NUM
(205501, 16762, 0.0, [101.5156, 100.55463, 4.06013])
21.80_NUM
(210116, 16762, 0.0, [101.2249, 100.85, 4.18109])
17.80_NUM
(213996, 16762, 0.0, [101.36652, 100.7132, 4.10773])
19.40_NUM
(216842, 16762, 0.0, [101.53356, 100.55109, 3.997])
19.80_NUM
(236439, 16762, 0.0, [101.34484, 100.73669, 4.11043])
19.60_NUM
(237004, 16762, 0.0, [101.51665, 100.56391, 4.013395])
19.10_NUM
(241820, 16762, 0.0, [101.43921, 100.64222, 4.04722])
20.60_NUM
(247592, 16762, 0.0, [101.28196, 100.79129, 4.13952])
17.70_NUM
(247641, 16762, 0.0, [101.50871, 100.56439, 4.03272])
18.80_NUM
(263858, 16762, 0.0, [101.3466, 100.736916, 4.1795])
18.70_NUM
(279082, 16762, 0.0, [101.46935, 100.611755, 4.03568])
20.70_NUM
(285581, 16762, 0.0, [101.33485, 100.74068, 4.10832])
19.70_NUM
(289273, 16762, 0.0, [101.2976, 100.77639, 4.16717])
0.80_NUM
(45502, 16591, 0.0, [109.52551, 95.62095, 6.97818])
0.90_NUM
(48879, 16591, 0.0, [109.442406, 95.580956, 6.74222])
1.65_NUM
(30324, 16584, 0.0, [109.34071, 94.898605, 5.45591])
1.45_NUM
(45051, 16584, 0.0, [109.389084, 94.94921, 5.61623])
1.55_NUM
(50262, 16584, 0.0, [109.362915, 94.94515, 5.57678])
1.66_NUM
(63533, 16584, 0.0, [109.45436, 94.88366, 5.60516])
1.74_NUM
(66753, 16584, 0.0, [109.30344, 95.18097, 5.61881])
5.80_NUM
(115894, 16566, 0.0, [102.729645, 98.71906, 3.14466])
35.00_NUM
(186294, 16237, 0.0, [100.86107, 101.19615, 4.52031])
0.70_NUM
(43613, 16189, 0.0, [109.54286, 95.570244, 6.88046])
non-family_ADJ
(91484, 16133, 0.0, [100.45547, 101.53427, 4.93171])
30.20_NUM
(203730, 16133, 0.0, [100.53623, 101.49635, 4.674])
29.60_NUM
(207926, 16133, 0.0, [100.52546, 101.49994, 4.68641])
30.70_NUM
(230223, 16133, 0.0, [100.50735, 101.51835, 4.70391])
31.10_NUM
(236064, 16133, 0.0, [100.50259, 101.525856, 4.69516])
34.00_NUM
(236982, 16133, 0.0, [100.53329, 101.4949, 4.69107])
30.30_NUM
(240457, 16133, 0.0, [100.52674, 101.501274, 4.66991])
30.60_NUM
(263134, 16133, 0.0, [100.51325, 101.50528, 4.707355])
32.60_NUM
(263553, 16133, 0.0, [100.49153, 101.5308, 4.72164])
31.30_NUM
(271532, 16133, 0.0, [100.493965, 101.52402, 4.73652])
32.30_NUM
(278221, 16133, 0.0, [100.48112, 101.53205, 4.74877])
32.20_NUM
(284769, 16133, 0.0, [100.52262, 101.500786, 4.6998])
3.70_NUM
(93601, 15997, 0.0, [107.072426, 94.857445, 2.68674])
1.01_NUM
(44220, 15868, 0.0, [109.65267, 95.29148, 6.388845])
1.02_NUM
(46995, 15868, 0.0, [109.728485, 95.36178, 6.41458])
0.78_NUM
(46120, 15828, 0.0, [109.49461, 95.219765, 6.74367])
0.00_NUM
(48214, 15805, 0.0, [108.088326, 94.48328, 3.62089])
0.61_NUM
(41091, 15751, 0.0, [109.68978, 95.27969, 6.7757])
0.68_NUM
(43293, 15751, 0.0, [109.7194, 95.44784, 6.97348])
0.99_NUM
(45986, 15751, 0.0, [109.696945, 95.47077, 6.86711])
0.79_NUM
(46101, 15751, 0.0, [109.677216, 95.382324, 6.88755])
0.77_NUM
(47523, 15751, 0.0, [109.696724, 95.44036, 6.96102])
0.82_NUM
(48684, 15751, 0.0, [109.60875, 95.40709, 6.75731])
0.98_NUM
(49478, 15751, 0.0, [109.697845, 95.44466, 6.96309])
0.83_NUM
(49630, 15751, 0.0, [109.713326, 95.433174, 6.95146])
0.88_NUM
(49804, 15751, 0.0, [109.649635, 95.37315, 6.71119])
0.87_NUM
(49829, 15751, 0.0, [109.62182, 95.39731, 6.81983])
0.91_NUM
(50072, 15751, 0.0, [109.656136, 95.4743, 6.93346])
0.94_NUM
(51280, 15751, 0.0, [109.69034, 95.4393, 6.96847])
0.89_NUM
(51481, 15751, 0.0, [109.70159, 95.407486, 6.86255])
0.96_NUM
(51584, 15751, 0.0, [109.707756, 95.44722, 6.95282])
0.44_NUM
(36125, 15720, 0.0, [109.77195, 95.572334, 7.3128])
0.65_NUM
(37328, 15720, 0.0, [109.72026, 95.60505, 7.30263])
0.57_NUM
(41813, 15720, 0.0, [109.79092, 95.54802, 7.24993])
0.67_NUM
(43320, 15720, 0.0, [109.7468, 95.546555, 7.17517])
0.71_NUM
(45815, 15720, 0.0, [109.77346, 95.55034, 7.21493])
1.46_NUM
(56531, 15665, 0.0, [109.591034, 95.21975, 6.30796])
household_NOUN
(474, 15659, 0.0, [100.43332, 101.536964, 4.79192])
24.50_NUM
(132854, 15659, 0.0, [100.524506, 101.54182, 4.70394])
24.20_NUM
(153990, 15659, 0.0, [100.442604, 101.6254, 4.73519])
28.50_NUM
(158791, 15659, 0.0, [100.24299, 101.80814, 4.9432])
28.30_NUM
(182935, 15659, 0.0, [100.23334, 101.82091, 4.79404])
29.20_NUM
(185963, 15659, 0.0, [100.48605, 101.5375, 4.72504])
31.50_NUM
(194086, 15659, 0.0, [100.48761, 101.53787, 4.72393])
30.40_NUM
(224497, 15659, 0.0, [100.46388, 101.55673, 4.75368])
30.90_NUM
(236898, 15659, 0.0, [100.47951, 101.546295, 4.74916])
30.80_NUM
(244195, 15659, 0.0, [100.36383, 101.648895, 4.811325])
31.80_NUM
(257417, 15659, 0.0, [100.39694, 101.62108, 4.82125])
31.70_NUM
(282590, 15659, 0.0, [100.4713, 101.55261, 4.72584])
32.40_NUM
(283054, 15659, 0.0, [100.4764, 101.542305, 4.73916])
3.80_NUM
(99709, 15386, 0.0, [107.3204, 94.6275, 2.64693])
23.00_NUM
(129927, 15375, 0.0, [101.14931, 100.94002, 4.26167])
23.30_NUM
(143249, 15375, 0.0, [101.059685, 101.0218, 4.30473])
21.40_NUM
(152463, 15375, 0.0, [101.0945, 100.97749, 4.32406])
22.80_NUM
(181849, 15375, 0.0, [101.05623, 101.01541, 4.29541])
21.70_NUM
(188254, 15375, 0.0, [101.12466, 100.95226, 4.27776])
21.60_NUM
(198289, 15375, 0.0, [101.06686, 101.00777, 4.30016])
21.10_NUM
(200834, 15375, 0.0, [101.00292, 101.066864, 4.30566])
20.80_NUM
(206066, 15375, 0.0, [101.06391, 101.00873, 4.2695])
22.20_NUM
(207696, 15375, 0.0, [101.089485, 100.982895, 4.25645])
20.90_NUM
(223767, 15375, 0.0, [101.155075, 100.91833, 4.21605])
0.38_NUM
(33744, 15372, 0.0, [109.72701, 95.48402, 7.135])
0.43_NUM
(36162, 15372, 0.0, [109.73014, 95.47327, 7.05988])
0.41_NUM
(36713, 15372, 0.0, [109.75338, 95.49527, 7.13043])
0.51_NUM
(37877, 15372, 0.0, [109.74096, 95.469734, 7.05118])
0.48_NUM
(38063, 15372, 0.0, [109.76972, 95.51631, 7.17609])
0.56_NUM
(38326, 15372, 0.0, [109.730545, 95.49315, 7.15048])
0.46_NUM
(38519, 15372, 0.0, [109.731186, 95.530846, 7.16337])
0.52_NUM
(38608, 15372, 0.0, [109.766945, 95.53925, 7.23906])
0.53_NUM
(38976, 15372, 0.0, [109.73299, 95.52012, 7.12751])
0.49_NUM
(39051, 15372, 0.0, [109.74035, 95.497025, 7.12903])
0.54_NUM
(39779, 15372, 0.0, [109.75288, 95.514465, 7.16678])
0.85_NUM
(40621, 15372, 0.0, [109.69195, 95.51456, 7.0703])
0.58_NUM
(41152, 15372, 0.0, [109.766914, 95.48728, 7.13368])
0.62_NUM
(41223, 15372, 0.0, [109.78926, 95.54258, 7.254095])
0.64_NUM
(42206, 15372, 0.0, [109.727715, 95.4965, 7.0754])
0.63_NUM
(42229, 15372, 0.0, [109.74909, 95.52772, 7.18641])
0.66_NUM
(42319, 15372, 0.0, [109.72541, 95.472244, 7.07948])
0.59_NUM
(42677, 15372, 0.0, [109.75257, 95.485916, 7.1156])
0.69_NUM
(43493, 15372, 0.0, [109.70361, 95.44869, 7.03625])
0.76_NUM
(44155, 15372, 0.0, [109.72707, 95.48548, 7.07244])
0.95_NUM
(44204, 15372, 0.0, [109.72256, 95.49904, 7.05708])
0.72_NUM
(44488, 15372, 0.0, [109.75239, 95.52492, 7.17413])
0.74_NUM
(45481, 15372, 0.0, [109.7515, 95.4853, 7.05712])
0.73_NUM
(47314, 15372, 0.0, [109.74942, 95.506424, 7.10991])
0.93_NUM
(47879, 15372, 0.0, [109.8389, 95.41855, 7.09502])
0.86_NUM
(48927, 15372, 0.0, [109.74893, 95.465836, 7.09683])
0.81_NUM
(49134, 15372, 0.0, [109.721565, 95.449, 7.00948])
0.84_NUM
(49316, 15372, 0.0, [109.74474, 95.48403, 7.09978])
0.92_NUM
(51128, 15372, 0.0, [109.72436, 95.46816, 7.00452])
0.97_NUM
(54152, 15372, 0.0, [109.72625, 95.49023, 7.05371])
1.05_NUM
(39579, 15364, 0.0, [109.44045, 95.153244, 5.96225])
1.16_NUM
(46286, 15364, 0.0, [109.42774, 94.942024, 5.67206])
1.27_NUM
(48673, 15364, 0.0, [109.515236, 95.09144, 5.94662])
1.09_NUM
(51325, 15364, 0.0, [109.49133, 95.10227, 5.93833])
1.33_NUM
(52432, 15364, 0.0, [109.52514, 94.99032, 5.86699])
1.22_NUM
(52461, 15364, 0.0, [109.49704, 95.073944, 5.94397])
1.29_NUM
(55216, 15364, 0.0, [109.4801, 95.111786, 5.91076])
1.36_NUM
(56295, 15364, 0.0, [109.50288, 95.0214, 5.87538])
1.38_NUM
(57682, 15364, 0.0, [109.46754, 95.09214, 5.84457])
1.67_NUM
(58001, 15364, 0.0, [109.388145, 95.10422, 5.71503])
1.37_NUM
(58507, 15364, 0.0, [109.41538, 95.09774, 5.80315])
1.47_NUM
(59385, 15364, 0.0, [109.46108, 95.09659, 5.93226])
1.52_NUM
(59573, 15364, 0.0, [109.47061, 95.12101, 5.93219])
1.54_NUM
(59862, 15364, 0.0, [109.44835, 95.06746, 5.81864])
1.42_NUM
(59910, 15364, 0.0, [109.48063, 95.07172, 5.86355])
1.57_NUM
(61208, 15364, 0.0, [109.433754, 94.987526, 5.66823])
1.53_NUM
(61367, 15364, 0.0, [109.45578, 95.088295, 5.83523])
1.64_NUM
(63472, 15364, 0.0, [109.37409, 95.15487, 5.73541])
1.31_NUM
(63599, 15364, 0.0, [109.51885, 95.024216, 5.89259])
1.39_NUM
(63856, 15364, 0.0, [109.422424, 95.05408, 5.86314])
1.59_NUM
(64100, 15364, 0.0, [109.430305, 95.08786, 5.79467])
1.48_NUM
(64495, 15364, 0.0, [109.48772, 95.06827, 5.89297])
1.58_NUM
(65336, 15364, 0.0, [109.459335, 95.10343, 5.87224])
1.41_NUM
(65991, 15364, 0.0, [109.4606, 94.9332, 5.68555])
1.68_NUM
(66970, 15364, 0.0, [109.3921, 95.11812, 5.77393])
1.61_NUM
(67197, 15364, 0.0, [109.44671, 95.07005, 5.806])
1.62_NUM
(69805, 15364, 0.0, [109.41245, 95.16365, 5.80373])
1.51_NUM
(70086, 15364, 0.0, [109.44948, 95.14467, 5.90075])
32.10_NUM
(251294, 15170, 1.0, [100.111855, 101.90509, 5.10213])
22.50_NUM
(133195, 15086, 0.0, [100.22439, 101.84814, 5.05404])
3.51_NUM
(77478, 15070, 0.0, [107.71205, 94.44804, 2.66804])
0.75_NUM
(27299, 15017, 0.0, [109.64514, 95.68844, 7.428255])
0.50_NUM
(29104, 15017, 0.0, [109.61448, 95.787796, 7.49861])
0.33_NUM
(30555, 15017, 0.0, [109.73074, 95.72796, 7.59383])
0.31_NUM
(31209, 15017, 0.0, [109.79614, 95.63449, 7.53625])
0.36_NUM
(32199, 15017, 0.0, [109.75074, 95.64595, 7.49816])
0.45_NUM
(33135, 15017, 0.0, [109.745926, 95.76824, 7.64348])
0.37_NUM
(34643, 15017, 0.0, [109.75099, 95.60357, 7.39012])
0.39_NUM
(34906, 15017, 0.0, [109.75794, 95.6513, 7.50687])
0.55_NUM
(36414, 15017, 0.0, [109.74187, 95.61058, 7.33519])
0.60_NUM
(39100, 15017, 0.0, [109.64345, 95.78409, 7.50976])
0.47_NUM
(36315, 14900, 0.0, [110.01296, 95.74829, 7.52265])
0.42_NUM
(35520, 14812, 0.0, [109.900475, 95.458, 7.49675])
1.34_NUM
(42885, 14730, 0.0, [109.53622, 95.11994, 6.04534])
1.06_NUM
(45852, 14730, 0.0, [109.537865, 95.157684, 6.08937])
1.08_NUM
(47244, 14730, 0.0, [109.54336, 95.13705, 6.07349])
1.12_NUM
(47660, 14730, 0.0, [109.66847, 94.95383, 6.1323])
1.14_NUM
(47818, 14730, 0.0, [109.615425, 94.97114, 6.02864])
1.04_NUM
(47826, 14730, 0.0, [109.54033, 95.09935, 6.03054])
1.03_NUM
(48074, 14730, 0.0, [109.55748, 95.13836, 6.07503])
1.18_NUM
(48327, 14730, 0.0, [109.60114, 95.16926, 6.27293])
1.17_NUM
(50566, 14730, 0.0, [109.543755, 95.06198, 5.99464])
1.44_NUM
(51362, 14730, 0.0, [109.59182, 95.10463, 6.04116])
1.11_NUM
(51739, 14730, 0.0, [109.559265, 95.090645, 6.04322])
1.28_NUM
(53219, 14730, 0.0, [109.54182, 95.14464, 6.06107])
1.24_NUM
(54784, 14730, 0.0, [109.529076, 95.12241, 6.00859])
1.32_NUM
(55229, 14730, 0.0, [109.63531, 95.074776, 6.13634])
1.19_NUM
(55326, 14730, 0.0, [109.54962, 95.06366, 6.02105])
1.49_NUM
(66655, 14730, 0.0, [109.55166, 95.12654, 6.06121])
0.28_NUM
(29167, 14334, 0.0, [109.78688, 95.77875, 7.84667])
0.30_NUM
(29248, 14334, 0.0, [109.69871, 95.86753, 7.82433])
0.27_NUM
(29784, 14334, 0.0, [109.787315, 95.7825, 7.91731])
0.26_NUM
(30644, 14334, 0.0, [109.77612, 95.83644, 7.90988])
0.29_NUM
(30848, 14334, 0.0, [109.76686, 95.7274, 7.68132])
0.32_NUM
(31550, 14334, 0.0, [109.75821, 95.737724, 7.70635])
0.40_NUM
(32065, 14334, 0.0, [109.66945, 95.832085, 7.68826])
1.13_NUM
(48328, 14069, 0.0, [109.534485, 95.04727, 5.94731])
1.07_NUM
(50699, 14069, 0.0, [109.532974, 95.03874, 5.94007])
1.23_NUM
(51452, 14069, 0.0, [109.534836, 95.05498, 5.95928])
1.21_NUM
(56201, 14069, 0.0, [109.5448, 95.007904, 5.94473])
1.69_NUM
(65881, 14069, 0.0, [109.56748, 94.98747, 5.96116])
3.55_NUM
(52491, 14057, 0.0, [107.72826, 94.328186, 2.59608])
3.39_NUM
(79423, 14057, 0.0, [107.7634, 94.39812, 2.64565])
3.67_NUM
(98081, 14057, 0.0, [107.80071, 94.28059, 2.59547])
0.35_NUM
(28742, 13991, 0.0, [109.75121, 95.901474, 7.989025])
0.22_NUM
(27537, 13819, 0.0, [109.937195, 95.82118, 8.3681])
0.34_NUM
(29303, 13784, 0.0, [109.789894, 95.86964, 8.02156])
1.35_NUM
(37574, 13711, 0.0, [109.320854, 94.868774, 5.40108])
0.10_NUM
(23104, 13556, 0.0, [109.76528, 96.01232, 8.25139])
0.17_NUM
(25097, 13556, 0.0, [109.80973, 95.99595, 8.30803])
0.19_NUM
(27291, 13556, 0.0, [109.83947, 95.96749, 8.28958])
0.23_NUM
(27606, 13556, 0.0, [109.813995, 96.00989, 8.29856])
1.15_NUM
(37024, 13306, 0.0, [109.3036, 94.72882, 5.23936])
3.41_NUM
(79430, 13252, 0.0, [107.82304, 94.027695, 2.43338])
3.46_NUM
(80430, 13252, 0.0, [107.8003, 94.09066, 2.47781])
3.43_NUM
(81580, 13252, 0.0, [107.83843, 93.9987, 2.41745])
3.66_NUM
(88174, 13252, 0.0, [107.787544, 94.01655, 2.40676])
3.53_NUM
(92646, 13252, 0.0, [107.778076, 94.14342, 2.48687])
3.84_NUM
(106041, 13252, 0.0, [107.81282, 93.89607, 2.43387])
0.25_NUM
(18542, 13076, 0.0, [109.77327, 96.0534, 8.41473])
0.15_NUM
(21659, 13076, 0.0, [109.792274, 96.07857, 8.50727])
0.08_NUM
(22041, 13076, 0.0, [109.82318, 96.08467, 8.52356])
0.06_NUM
(22869, 13076, 0.0, [109.83073, 96.13129, 8.64824])
0.12_NUM
(23823, 13076, 0.0, [109.80854, 96.04943, 8.40796])
0.07_NUM
(23950, 13076, 0.0, [109.82307, 96.08672, 8.52365])
0.14_NUM
(24864, 13076, 0.0, [109.81212, 96.03212, 8.36746])
0.11_NUM
(24953, 13076, 0.0, [109.8177, 96.06317, 8.45449])
0.09_NUM
(25058, 13076, 0.0, [109.81937, 96.0677, 8.47638])
0.20_NUM
(25142, 13076, 0.0, [109.8077, 96.06726, 8.44293])
0.13_NUM
(25288, 13076, 0.0, [109.80693, 96.02562, 8.35207])
0.18_NUM
(25927, 13076, 0.0, [109.80854, 96.05467, 8.41362])
0.16_NUM
(26397, 13076, 0.0, [109.80665, 96.02794, 8.35463])
0.24_NUM
(27897, 13076, 0.0, [109.81759, 96.0496, 8.41444])
0.21_NUM
(28036, 13076, 0.0, [109.81387, 96.030655, 8.36131])
1.26_NUM
(53286, 13029, 0.0, [109.84692, 94.75007, 6.25705])
3.57_NUM
(90330, 12755, 0.0, [107.85682, 93.87473, 2.36518])
3.94_NUM
(107314, 12655, 0.0, [107.90882, 93.83691, 2.3644])
3.75_NUM
(41816, 12522, 0.0, [108.495674, 93.75817, 2.84869])
0.02_NUM
(20454, 12475, 0.0, [109.83438, 96.1773, 8.77873])
0.03_NUM
(20546, 12475, 0.0, [109.8302, 96.14232, 8.67398])
3.54_NUM
(88246, 12386, 0.0, [107.81949, 93.628334, 2.14696])
3.72_NUM
(96035, 12386, 0.0, [107.83135, 93.75556, 2.29464])
3.58_NUM
(84687, 12247, 0.0, [107.97295, 93.64544, 2.22296])
3.47_NUM
(86385, 12247, 0.0, [107.8782, 93.8196, 2.32469])
3.56_NUM
(88992, 12247, 0.0, [107.976974, 93.59345, 2.17945])
3.73_NUM
(90285, 12247, 0.0, [107.93533, 93.63848, 2.2412])
3.74_NUM
(94037, 12247, 0.0, [107.91434, 93.662704, 2.25265])
3.64_NUM
(96419, 12247, 0.0, [107.87365, 93.66788, 2.22347])
3.52_NUM
(96467, 12247, 0.0, [107.86528, 93.79349, 2.30597])
3.69_NUM
(99135, 12247, 0.0, [107.901764, 93.60465, 2.17582])
3.78_NUM
(100192, 12247, 0.0, [107.96117, 93.5637, 2.18289])
3.59_NUM
(100248, 12247, 0.0, [107.890076, 93.81554, 2.32525])
3.62_NUM
(100848, 12247, 0.0, [107.90682, 93.72503, 2.26993])
3.79_NUM
(103064, 12247, 0.0, [107.90055, 93.71555, 2.28107])
3.98_NUM
(103905, 12247, 0.0, [107.90405, 93.62591, 2.22507])
3.76_NUM
(106194, 12247, 0.0, [107.933334, 93.6348, 2.22711])
3.77_NUM
(107237, 12247, 0.0, [107.94215, 93.65535, 2.26298])
3.83_NUM
(109120, 12247, 0.0, [107.868675, 93.83982, 2.32312])
3.61_NUM
(109846, 12247, 0.0, [107.91608, 93.80448, 2.32814])
3.82_NUM
(114809, 12247, 0.0, [107.89843, 93.61426, 2.21979])
3.65_NUM
(75504, 12239, 0.0, [107.98359, 93.49628, 2.22942])
3.86_NUM
(93269, 12239, 0.0, [107.98638, 93.486946, 2.15244])
3.63_NUM
(96288, 12239, 0.0, [108.00621, 93.30541, 2.05433])
3.95_NUM
(96880, 12239, 0.0, [108.09475, 93.37147, 2.145395])
3.68_NUM
(98633, 12239, 0.0, [107.999565, 93.47038, 2.14306])
4.05_NUM
(99749, 12239, 0.0, [108.0573, 93.275604, 2.02395])
3.81_NUM
(100995, 12239, 0.0, [107.96555, 93.43162, 2.15728])
3.87_NUM
(108685, 12239, 0.0, [107.99099, 93.28112, 1.99835])
4.17_NUM
(113130, 12239, 0.0, [108.04643, 93.27289, 2.02361])
3.92_NUM
(114666, 12239, 0.0, [107.99821, 93.41129, 2.10959])
3.71_NUM
(115654, 12239, 0.0, [108.07289, 93.297455, 2.04808])
3.91_NUM
(116532, 12239, 0.0, [108.006004, 93.39817, 2.10135])
4.27_NUM
(114407, 12186, 0.0, [108.02192, 93.053665, 2.01401])
4.39_NUM
(126622, 12186, 0.0, [108.03854, 93.092865, 2.00273])
4.34_NUM
(135895, 12186, 0.0, [107.930786, 93.10673, 2.0808])
5.03_NUM
(152050, 12186, 0.0, [107.93192, 92.92162, 2.02595])
0.05_NUM
(18241, 12168, 0.0, [109.827774, 96.23918, 8.96744])
0.04_NUM
(20151, 12168, 0.0, [109.83467, 96.21215, 8.876295])
9.34_NUM
(103455, 12165, 0.0, [108.880035, 91.78424, 1.06475])
6.15_NUM
(105316, 12165, 0.0, [109.06411, 91.63757, 1.02122])
6.45_NUM
(109543, 12165, 0.0, [108.987076, 91.84448, 1.153])
7.45_NUM
(112560, 12165, 0.0, [108.984764, 91.7522, 1.04133])
5.65_NUM
(143151, 12165, 0.0, [108.91477, 91.816635, 1.04262])
television-equipped_ADJ
(152159, 12165, 0.0, [108.94884, 91.5843, 1.17165])
7.35_NUM
(159904, 12165, 0.0, [108.964584, 91.78235, 1.06321])
5.55_NUM
(162877, 12165, 0.0, [108.91266, 91.78549, 1.03169])
6.01_NUM
(164701, 12165, 0.0, [108.95739, 91.85422, 1.05635])
7.59_NUM
(224911, 12165, 0.0, [108.956345, 91.62048, 1.23489])
5.92_NUM
(231580, 12165, 0.0, [108.86968, 91.84209, 1.08784])
7.24_NUM
(234384, 12165, 0.0, [108.86744, 91.751884, 1.00967])
24.75_NUM
(244362, 12165, 0.0, [109.153725, 91.64354, 1.06488])
7.27_NUM
(247261, 12165, 0.0, [108.8813, 91.78903, 1.01239])
12.17_NUM
(248619, 12165, 0.0, [108.92177, 91.75741, 1.04097])
8.54_NUM
(259638, 12165, 0.0, [108.96295, 91.83313, 1.148815])
7.84_NUM
(289033, 12165, 0.0, [108.96941, 91.74059, 1.00614])
4.19_NUM
(123104, 12164, 0.0, [107.811226, 93.505455, 2.24154])
4.24_NUM
(124840, 12164, 0.0, [107.723946, 93.39956, 2.32352])
9.75_NUM
(119955, 12156, 0.0, [109.04654, 92.176575, 1.59038])
5.47_NUM
(174949, 12076, 0.0, [108.27065, 92.51315, 1.67126])
3.99_NUM
(97195, 12058, 0.0, [108.30046, 93.382935, 2.21831])
7.25_NUM
(76088, 12057, 0.0, [108.9147, 92.42271, 1.83038])
8.25_NUM
(89893, 12057, 0.0, [108.89805, 92.5148, 1.92054])
5.15_NUM
(94787, 12057, 0.0, [108.8733, 92.30547, 1.67749])
9.25_NUM
(101249, 12057, 0.0, [108.93086, 92.447174, 1.86989])
7.75_NUM
(104281, 12057, 0.0, [108.909096, 92.511665, 1.92054])
8.75_NUM
(109534, 12057, 0.0, [108.911, 92.54001, 1.95088])
4.65_NUM
(106455, 12054, 0.0, [108.38149, 92.63429, 1.767225])
4.95_NUM
(112385, 12054, 0.0, [108.3662, 92.629745, 1.71249])
3.93_NUM
(114340, 12054, 0.0, [108.23464, 92.879265, 1.78494])
4.37_NUM
(114471, 12054, 0.0, [108.27013, 92.6805, 1.70002])
4.13_NUM
(115095, 12054, 0.0, [108.2349, 92.81405, 1.75517])
4.38_NUM
(117315, 12054, 0.0, [108.29646, 92.71054, 1.7378])
4.57_NUM
(118983, 12054, 0.0, [108.24083, 92.81318, 1.79157])
4.07_NUM
(121338, 12054, 0.0, [108.26894, 92.78169, 1.72538])
4.47_NUM
(122465, 12054, 0.0, [108.34891, 92.6703, 1.71163])
4.88_NUM
(122820, 12054, 0.0, [108.23233, 92.80209, 1.773815])
4.63_NUM
(126363, 12054, 0.0, [108.23583, 92.765, 1.75147])
4.21_NUM
(126548, 12054, 0.0, [108.28369, 92.78197, 1.72982])
4.41_NUM
(130940, 12054, 0.0, [108.23765, 92.79653, 1.78611])
4.18_NUM
(131216, 12054, 0.0, [108.25665, 92.858604, 1.76876])
4.31_NUM
(132646, 12054, 0.0, [108.31329, 92.67093, 1.71568])
5.08_NUM
(155848, 12054, 0.0, [108.24082, 92.568954, 1.72029])
14.95_NUM
(209703, 12054, 0.0, [108.41184, 92.60362, 1.85447])
5.88_NUM
(159008, 12048, 0.0, [108.81719, 92.45344, 1.82214])
5.97_NUM
(181442, 12048, 0.0, [108.73693, 92.34966, 1.67777])
49.95_NUM
(230959, 12048, 0.0, [108.592964, 92.45787, 1.66521])
5.05_NUM
(129209, 12023, 0.0, [108.64722, 92.173325, 1.38491])
4.23_NUM
(129676, 12023, 0.0, [108.590065, 92.12552, 1.33538])
4.67_NUM
(134369, 12023, 0.0, [108.52976, 92.17893, 1.35297])
4.72_NUM
(147930, 12023, 0.0, [108.605736, 92.20091, 1.3497])
5.18_NUM
(155296, 12023, 0.0, [108.58996, 92.20832, 1.34275])
6.05_NUM
(166777, 12023, 0.0, [108.611916, 92.179054, 1.38613])
7.95_NUM
(167224, 12023, 0.0, [108.802414, 92.11182, 1.34489])
19.95_NUM
(172147, 12023, 0.0, [108.75948, 92.12701, 1.46478])
5.21_NUM
(174366, 12023, 0.0, [108.61142, 92.164406, 1.33534])
6.43_NUM
(193016, 12023, 0.0, [108.619736, 92.17393, 1.34778])
5.51_NUM
(204663, 12023, 0.0, [108.568115, 92.19801, 1.34652])
8.99_NUM
(249133, 12023, 0.0, [108.781845, 92.13655, 1.38712])
12.99_NUM
(249861, 12023, 0.0, [108.765755, 92.178566, 1.4271])
6.75_NUM
(72452, 11994, 0.0, [108.69992, 92.78341, 2.0839])
3.85_NUM
(83022, 11900, 0.0, [108.16278, 93.060715, 1.911125])
4.01_NUM
(97410, 11900, 0.0, [108.142105, 92.99958, 1.861715])
4.12_NUM
(103870, 11900, 0.0, [108.12385, 93.0182, 1.87544])
4.33_NUM
(105363, 11900, 0.0, [108.11058, 93.01986, 1.93477])
3.97_NUM
(106575, 11900, 0.0, [108.1687, 93.10471, 1.91413])
4.26_NUM
(108139, 11900, 0.0, [108.16229, 92.90074, 1.86982])
4.11_NUM
(108148, 11900, 0.0, [108.150314, 93.02006, 1.85801])
3.89_NUM
(110064, 11900, 0.0, [108.141525, 93.03567, 1.89612])
4.02_NUM
(110596, 11900, 0.0, [108.1721, 92.90462, 1.83441])
3.88_NUM
(111233, 11900, 0.0, [108.17576, 93.001305, 1.8778])
3.96_NUM
(111375, 11900, 0.0, [108.09051, 93.15678, 1.95086])
4.44_NUM
(113493, 11900, 0.0, [108.13078, 93.06097, 1.91728])
4.04_NUM
(113770, 11900, 0.0, [108.19342, 92.8865, 1.78074])
4.03_NUM
(115758, 11900, 0.0, [108.09969, 93.09497, 1.94635])
4.16_NUM
(116270, 11900, 0.0, [108.168465, 93.07494, 1.89847])
5.12_NUM
(120809, 11900, 0.0, [107.878334, 93.05369, 1.70282])
4.28_NUM
(122521, 11900, 0.0, [108.14283, 93.0046, 1.90087])
4.08_NUM
(123358, 11900, 0.0, [108.15601, 92.91259, 1.80768])
4.06_NUM
(128669, 11900, 0.0, [108.11389, 93.17053, 1.95412])
4.35_NUM
(83317, 11895, 0.0, [108.5103, 92.261215, 1.5086])
4.85_NUM
(101263, 11895, 0.0, [108.3986, 92.40667, 1.6006])
4.76_NUM
(114859, 11895, 0.0, [108.40992, 92.46146, 1.55223])
4.22_NUM
(115492, 11895, 0.0, [108.38915, 92.52839, 1.587])
4.54_NUM
(116094, 11895, 0.0, [108.40268, 92.500496, 1.57567])
4.36_NUM
(124189, 11895, 0.0, [108.471825, 92.4014, 1.49652])
4.66_NUM
(127846, 11895, 0.0, [108.51286, 92.37353, 1.45408])
4.29_NUM
(128819, 11895, 0.0, [108.46911, 92.44481, 1.52352])
4.61_NUM
(138051, 11895, 0.0, [108.48707, 92.333046, 1.45703])
4.53_NUM
(138290, 11895, 0.0, [108.47538, 92.394775, 1.44869])
4.52_NUM
(138500, 11895, 0.0, [108.413155, 92.38451, 1.46659])
4.64_NUM
(139821, 11895, 0.0, [108.40949, 92.46301, 1.55259])
4.77_NUM
(141313, 11895, 0.0, [108.406265, 92.533356, 1.57897])
5.01_NUM
(144958, 11895, 0.0, [108.402794, 92.49807, 1.55287])
5.17_NUM
(145088, 11895, 0.0, [108.48801, 92.242645, 1.37841])
4.71_NUM
(146374, 11895, 0.0, [108.3974, 92.42882, 1.55462])
5.16_NUM
(146875, 11895, 0.0, [108.21872, 92.482376, 1.65271])
4.91_NUM
(146907, 11895, 0.0, [108.374825, 92.44589, 1.58251])
5.95_NUM
(147152, 11895, 0.0, [108.50267, 92.412254, 1.54551])
4.68_NUM
(148656, 11895, 0.0, [108.4476, 92.39291, 1.50967])
4.82_NUM
(152998, 11895, 0.0, [108.52575, 92.26235, 1.3953])
6.06_NUM
(155056, 11895, 0.0, [108.45167, 92.37264, 1.48423])
4.49_NUM
(157033, 11895, 0.0, [108.465866, 92.37963, 1.48606])
5.06_NUM
(157142, 11895, 0.0, [108.413025, 92.363434, 1.51199])
4.59_NUM
(157439, 11895, 0.0, [108.38525, 92.51349, 1.58519])
4.73_NUM
(161519, 11895, 0.0, [108.42312, 92.50614, 1.57206])
4.94_NUM
(163188, 11895, 0.0, [108.44356, 92.4247, 1.52556])
5.19_NUM
(164002, 11895, 0.0, [108.4744, 92.42121, 1.49353])
5.02_NUM
(168641, 11895, 0.0, [108.454636, 92.373886, 1.4752])
4.98_NUM
(170778, 11895, 0.0, [108.519104, 92.29977, 1.42113])
5.74_NUM
(180801, 11895, 0.0, [108.49691, 92.249306, 1.41763])
5.24_NUM
(184403, 11895, 0.0, [108.405, 92.44729, 1.55643])
5.07_NUM
(189563, 11895, 0.0, [108.49506, 92.36272, 1.4716])
5.98_NUM
(190641, 11895, 0.0, [108.41576, 92.235855, 1.40097])
6.13_NUM
(196124, 11895, 0.0, [108.37686, 92.29076, 1.5349])
5.54_NUM
(197321, 11895, 0.0, [108.50296, 92.276634, 1.47699])
4.42_NUM
(117846, 11878, 0.0, [108.18447, 92.80452, 1.81897])
4.43_NUM
(118760, 11878, 0.0, [108.18529, 92.8798, 1.881475])
4.62_NUM
(123038, 11878, 0.0, [108.19271, 92.81161, 1.8171])
5.27_NUM
(165939, 11878, 0.0, [108.10963, 92.77065, 1.86012])
4.15_NUM
(84072, 11875, 0.0, [108.545616, 92.55618, 1.68988])
4.99_NUM
(103795, 11875, 0.0, [108.555244, 92.808075, 1.98113])
5.35_NUM
(129001, 11865, 0.0, [108.87406, 92.63865, 2.16481])
10.25_NUM
(118235, 11834, 0.0, [109.30078, 91.44926, 0.82696])
12.75_NUM
(155760, 11834, 0.0, [109.38439, 91.355804, 0.72503])
13.75_NUM
(203444, 11834, 0.0, [109.28589, 91.37603, 0.73032])
15.25_NUM
(207714, 11834, 0.0, [109.2093, 91.45548, 0.80828])
14.25_NUM
(216197, 11834, 0.0, [109.22528, 91.46451, 0.83975])
9.98_NUM
(221684, 11834, 0.0, [109.248116, 91.39738, 0.69183])
7.17_NUM
(222604, 11834, 0.0, [109.20111, 91.421684, 0.67647])
15.75_NUM
(223398, 11834, 0.0, [109.239105, 91.538246, 0.92356])
7.53_NUM
(227535, 11834, 0.0, [109.22571, 91.41685, 0.66754])
16.67_NUM
(229865, 11834, 0.0, [109.205505, 91.3937, 0.67807])
12.45_NUM
(238272, 11834, 0.0, [109.24915, 91.42494, 0.72086])
9.12_NUM
(238983, 11834, 0.0, [109.20631, 91.39375, 0.68106])
6.42_NUM
(250222, 11834, 0.0, [109.20185, 91.41642, 0.6881])
11.65_NUM
(280979, 11834, 0.0, [109.20216, 91.41203, 0.70193])
31.25_NUM
(295486, 11834, 0.0, [109.21868, 91.43146, 0.768375])
5.10_NUM
(87910, 11825, 0.0, [106.56039, 94.614685, 2.1612])
4.55_NUM
(90414, 11816, 0.0, [108.56315, 92.43247, 1.59381])
9.99_NUM
(96973, 11816, 0.0, [108.62675, 92.42533, 1.65931])
6.35_NUM
(97160, 11816, 0.0, [108.65664, 92.38486, 1.62704])
9.95_NUM
(122557, 11816, 0.0, [108.66072, 92.341934, 1.575365])
4.58_NUM
(127370, 11816, 0.0, [108.57232, 92.2243, 1.36942])
19.99_NUM
(129842, 11816, 0.0, [108.62309, 92.26186, 1.44573])
4.83_NUM
(133171, 11816, 0.0, [108.53911, 92.27185, 1.38806])
4.87_NUM
(146421, 11816, 0.0, [108.554695, 92.23679, 1.37343])
5.28_NUM
(152537, 11816, 0.0, [108.57968, 92.23414, 1.35922])
5.99_NUM
(160073, 11816, 0.0, [108.7025, 92.36968, 1.57361])
5.34_NUM
(165986, 11816, 0.0, [108.55607, 92.27284, 1.41296])
6.99_NUM
(177416, 11816, 0.0, [108.73706, 92.267815, 1.48963])
5.09_NUM
(180371, 11816, 0.0, [108.57219, 92.21604, 1.38293])
6.04_NUM
(180766, 11816, 0.0, [108.600746, 92.21609, 1.36972])
7.99_NUM
(187886, 11816, 0.0, [108.65532, 92.433205, 1.64406])
5.52_NUM
(197538, 11816, 0.0, [108.56202, 92.21504, 1.37281])
29.95_NUM
(208753, 11816, 0.0, [108.62759, 92.422935, 1.65022])
14.99_NUM
(213035, 11816, 0.0, [108.66859, 92.36489, 1.59965])
49.99_NUM
(243396, 11816, 0.0, [108.628, 92.42245, 1.65198])
29.99_NUM
(287132, 11816, 0.0, [108.62985, 92.409004, 1.63781])
4.14_NUM
(117701, 11814, 0.0, [108.22272, 92.96401, 1.81719])
5.85_NUM
(143456, 11813, 0.0, [108.819435, 91.872284, 1.04957])
5.76_NUM
(161850, 11813, 0.0, [108.82225, 91.867065, 1.08436])
5.93_NUM
(171403, 11813, 0.0, [108.77209, 91.84308, 1.11287])
6.03_NUM
(171571, 11813, 0.0, [108.72185, 91.83517, 1.04158])
5.66_NUM
(178294, 11813, 0.0, [108.820175, 91.8721, 1.10135])
5.67_NUM
(178984, 11813, 0.0, [108.83422, 91.87781, 1.13139])
5.82_NUM
(179155, 11813, 0.0, [108.757385, 91.840836, 1.03017])
5.71_NUM
(181859, 11813, 0.0, [108.78095, 91.84394, 1.05907])
6.27_NUM
(198208, 11813, 0.0, [108.84479, 91.83344, 1.049175])
5.91_NUM
(200051, 11813, 0.0, [108.80881, 91.803925, 1.0572])
5.89_NUM
(201091, 11813, 0.0, [108.85956, 91.84087, 1.04698])
6.46_NUM
(208877, 11813, 0.0, [108.77149, 91.86734, 1.06126])
6.07_NUM
(210248, 11813, 0.0, [108.8263, 91.85764, 1.06894])
7.94_NUM
(213509, 11813, 0.0, [108.83491, 91.86222, 1.07744])
7.33_NUM
(219540, 11813, 0.0, [108.83104, 91.81788, 1.095285])
7.58_NUM
(227512, 11813, 0.0, [108.83739, 91.801025, 1.03519])
6.88_NUM
(236040, 11813, 0.0, [108.821335, 91.807655, 1.08079])
7.09_NUM
(237124, 11813, 0.0, [108.836266, 91.794495, 1.09746])
7.15_NUM
(115246, 11808, 0.0, [109.13758, 91.49886, 0.88103])
10.35_NUM
(146364, 11808, 0.0, [109.18936, 91.40905, 0.69359])
8.33_NUM
(149503, 11808, 0.0, [109.143364, 91.45909, 0.74268])
8.32_NUM
(164909, 11808, 0.0, [109.158226, 91.42003, 0.7173])
11.75_NUM
(166310, 11808, 0.0, [109.18687, 91.52272, 0.88099])
7.14_NUM
(171646, 11808, 0.0, [109.135994, 91.39481, 0.71294])
6.37_NUM
(182297, 11808, 0.0, [108.94754, 91.51001, 0.85289])
7.01_NUM
(185108, 11808, 0.0, [109.16093, 91.51554, 0.7379])
8.12_NUM
(194433, 11808, 0.0, [109.126305, 91.47094, 0.74795])
8.17_NUM
(195540, 11808, 0.0, [109.06324, 91.50803, 0.80425])
6.56_NUM
(199947, 11808, 0.0, [109.08369, 91.54006, 0.79794])
7.12_NUM
(203315, 11808, 0.0, [109.13726, 91.456345, 0.7238])
6.47_NUM
(204831, 11808, 0.0, [109.078316, 91.45961, 0.756845])
8.22_NUM
(205645, 11808, 0.0, [109.06225, 91.52411, 0.81335])
8.16_NUM
(211457, 11808, 0.0, [109.1078, 91.50624, 0.77176])
16.25_NUM
(212233, 11808, 0.0, [109.17668, 91.529526, 0.88823])
11.35_NUM
(213291, 11808, 0.0, [109.18242, 91.39943, 0.69362])
13.25_NUM
(213423, 11808, 0.0, [109.17067, 91.43326, 0.7725])
5.96_NUM
(214906, 11808, 0.0, [109.16911, 91.519196, 0.74437])
7.57_NUM
(216836, 11808, 0.0, [109.08708, 91.4978, 0.78661])
7.82_NUM
(218967, 11808, 0.0, [109.07891, 91.54153, 0.81959])
6.58_NUM
(221922, 11808, 0.0, [109.09046, 91.51121, 0.79523])
8.11_NUM
(224280, 11808, 0.0, [109.08972, 91.50833, 0.777225])
10.34_NUM
(225477, 11808, 0.0, [109.1502, 91.40703, 0.7116])
12.15_NUM
(228998, 11808, 0.0, [109.16454, 91.50745, 0.82907])
7.19_NUM
(230675, 11808, 0.0, [109.11667, 91.49174, 0.7642])
7.41_NUM
(230749, 11808, 0.0, [109.11576, 91.48257, 0.75576])
8.19_NUM
(230766, 11808, 0.0, [109.086395, 91.48598, 0.78548])
8.18_NUM
(232432, 11808, 0.0, [109.07909, 91.53326, 0.7982])
7.68_NUM
(233703, 11808, 0.0, [109.11793, 91.493355, 0.77125])
8.14_NUM
(237524, 11808, 0.0, [109.076645, 91.52041, 0.788965])
9.65_NUM
(237732, 11808, 0.0, [108.97959, 91.51512, 0.82142])
9.13_NUM
(238207, 11808, 0.0, [109.12245, 91.49158, 0.76286])
7.76_NUM
(239967, 11808, 0.0, [109.078766, 91.49725, 0.79612])
6.62_NUM
(240546, 11808, 0.0, [109.10121, 91.513306, 0.78703])
6.74_NUM
(243002, 11808, 0.0, [109.08622, 91.51041, 0.78501])
8.66_NUM
(245138, 11808, 0.0, [109.11974, 91.540344, 0.82886])
6.79_NUM
(245476, 11808, 0.0, [109.05766, 91.50281, 0.81346])
7.77_NUM
(246163, 11808, 0.0, [109.08905, 91.522964, 0.80083])
14.75_NUM
(249322, 11808, 0.0, [109.16982, 91.49323, 0.82658])
7.54_NUM
(252696, 11808, 0.0, [109.07694, 91.51243, 0.81304])
7.78_NUM
(254214, 11808, 0.0, [109.07037, 91.48983, 0.82202])
7.73_NUM
(255184, 11808, 0.0, [109.06664, 91.54345, 0.81246])
13.65_NUM
(256639, 11808, 0.0, [109.14028, 91.45575, 0.72266])
14.29_NUM
(260707, 11808, 0.0, [109.06087, 91.49283, 0.73318])
10.65_NUM
(265137, 11808, 0.0, [109.11812, 91.47748, 0.75146])
8.06_NUM
(265198, 11808, 0.0, [109.11422, 91.49622, 0.76688])
10.38_NUM
(268231, 11808, 0.0, [109.144554, 91.45688, 0.725765])
8.01_NUM
(270046, 11808, 0.0, [109.050446, 91.51686, 0.75464])
12.65_NUM
(273077, 11808, 0.0, [109.1837, 91.45445, 0.77972])
7.72_NUM
(274049, 11808, 0.0, [109.0861, 91.514435, 0.7841])
8.07_NUM
(274698, 11808, 0.0, [109.09239, 91.522095, 0.79467])
7.97_NUM
(276658, 11808, 0.0, [109.07771, 91.537735, 0.80836])
7.93_NUM
(276667, 11808, 0.0, [109.08499, 91.5327, 0.79287])
8.49_NUM
(280258, 11808, 0.0, [109.07805, 91.53002, 0.80402])
12.54_NUM
(282396, 11808, 0.0, [109.08956, 91.519684, 0.79021])
9.18_NUM
(283536, 11808, 0.0, [109.07566, 91.454636, 0.712585])
7.52_NUM
(284780, 11808, 0.0, [109.128914, 91.4759, 0.75669])
20.67_NUM
(288401, 11808, 0.0, [109.19137, 91.40179, 0.68674])
8.77_NUM
(288692, 11808, 0.0, [109.03288, 91.54592, 0.82348])
8.56_NUM
(291111, 11808, 0.0, [109.100334, 91.486534, 0.73958])
8.47_NUM
(292637, 11808, 0.0, [109.15272, 91.46727, 0.73088])
8.39_NUM
(296443, 11808, 0.0, [109.08457, 91.524445, 0.85771])
4.75_NUM
(68425, 11790, 0.0, [108.690796, 92.92345, 2.21044])
5.75_NUM
(69793, 11790, 0.0, [108.61726, 93.037186, 2.32231])
5.25_NUM
(51665, 11788, 0.0, [108.76922, 93.19376, 2.60664])
4.25_NUM
(53559, 11788, 0.0, [108.69257, 93.02805, 2.33042])
5.45_NUM
(76004, 11788, 0.0, [108.6007, 92.94803, 2.45138])
5.26_NUM
(137929, 11781, 0.0, [108.50873, 92.21382, 1.34715])
11.25_NUM
(121850, 11704, 0.0, [109.09425, 91.96027, 1.31954])
4.74_NUM
(141451, 11704, 0.0, [108.92149, 91.9035, 1.047735])
12.95_NUM
(222171, 11704, 0.0, [108.92222, 91.937614, 1.22323])
9.09_NUM
(238010, 11704, 0.0, [108.91074, 91.944115, 1.30481])
4.32_NUM
(117347, 11693, 0.0, [108.44495, 92.5643, 1.55936])
4.48_NUM
(117820, 11693, 0.0, [108.36556, 92.58359, 1.63118])
4.09_NUM
(119387, 11693, 0.0, [108.37548, 92.60545, 1.63598])
4.46_NUM
(124416, 11693, 0.0, [108.35432, 92.5637, 1.62922])
4.56_NUM
(125516, 11693, 0.0, [108.348335, 92.59988, 1.64521])
4.79_NUM
(153569, 11693, 0.0, [108.3553, 92.57103, 1.57951])
0.01_NUM
(19273, 11675, 0.0, [109.81001, 96.27936, 9.10391])
9.45_NUM
(125920, 11622, 0.0, [109.04662, 91.680786, 0.99149])
8.15_NUM
(129682, 11622, 0.0, [109.106224, 91.54969, 0.82886])
9.15_NUM
(131815, 11622, 0.0, [109.122536, 91.569305, 0.89531])
5.33_NUM
(134087, 11622, 0.0, [109.03334, 91.765045, 0.92312])
6.21_NUM
(140492, 11622, 0.0, [108.94008, 91.66346, 0.87786])
5.78_NUM
(141067, 11622, 0.0, [108.87064, 91.73935, 0.995])
5.04_NUM
(147752, 11622, 0.0, [109.09526, 91.60023, 0.7988])
6.67_NUM
(148791, 11622, 0.0, [109.02565, 91.60462, 0.86019])
6.55_NUM
(149041, 11622, 0.0, [108.99992, 91.67328, 0.9552])
8.45_NUM
(155414, 11622, 0.0, [109.06378, 91.648926, 0.95923])
7.63_NUM
(163183, 11622, 0.0, [109.021, 91.65616, 0.9895])
6.19_NUM
(164754, 11622, 0.0, [108.93448, 91.766, 0.96913])
11.45_NUM
(167682, 11622, 0.0, [109.09549, 91.5869, 0.87904])
6.85_NUM
(168180, 11622, 0.0, [109.072334, 91.62679, 0.97958])
6.16_NUM
(173080, 11622, 0.0, [108.90617, 91.79542, 0.9967])
10.45_NUM
(177813, 11622, 0.0, [109.06393, 91.679504, 0.9896])
6.38_NUM
(179773, 11622, 0.0, [108.89184, 91.74154, 0.95625])
6.65_NUM
(180404, 11622, 0.0, [108.96201, 91.71817, 0.95247])
8.35_NUM
(181398, 11622, 0.0, [109.013954, 91.67171, 0.9453])
7.11_NUM
(183760, 11622, 0.0, [108.97512, 91.76286, 0.94622])
5.77_NUM
(185961, 11622, 0.0, [108.97396, 91.670074, 0.95296])
6.63_NUM
(186562, 11622, 0.0, [109.05353, 91.56683, 0.82632])
6.08_NUM
(186961, 11622, 0.0, [108.88003, 91.77894, 0.99264])
8.27_NUM
(187528, 11622, 0.0, [108.99389, 91.636314, 0.89323])
7.69_NUM
(188298, 11622, 0.0, [108.978485, 91.66312, 0.9718])
8.05_NUM
(188867, 11622, 0.0, [109.082634, 91.57236, 0.84584])
6.92_NUM
(191898, 11622, 0.0, [109.03849, 91.56236, 0.82073])
6.49_NUM
(192133, 11622, 0.0, [109.046684, 91.56308, 0.83126])
6.18_NUM
(193406, 11622, 0.0, [109.02056, 91.672455, 0.8777])
6.57_NUM
(196146, 11622, 0.0, [108.94959, 91.67271, 0.90642])
6.53_NUM
(196873, 11622, 0.0, [108.96917, 91.66746, 0.91393])
7.46_NUM
(197667, 11622, 0.0, [109.00219, 91.63765, 0.90436])
6.72_NUM
(197888, 11622, 0.0, [108.97574, 91.63414, 0.88131])
7.85_NUM
(197957, 11622, 0.0, [109.01377, 91.61172, 0.87997])
8.55_NUM
(198419, 11622, 0.0, [108.943726, 91.72687, 0.99651])
6.66_NUM
(198789, 11622, 0.0, [109.02319, 91.59988, 0.8635])
6.68_NUM
(199569, 11622, 0.0, [109.039825, 91.58346, 0.85669])
5.81_NUM
(199688, 11622, 0.0, [108.92763, 91.727875, 0.95463])
6.82_NUM
(200249, 11622, 0.0, [109.00633, 91.65858, 0.92456])
5.48_NUM
(202679, 11622, 0.0, [109.00338, 91.749115, 0.96955])
6.48_NUM
(204243, 11622, 0.0, [109.02447, 91.5912, 0.83971])
7.56_NUM
(206018, 11622, 0.0, [109.001526, 91.635666, 0.89066])
8.85_NUM
(207120, 11622, 0.0, [109.044334, 91.55922, 0.86687])
7.23_NUM
(207764, 11622, 0.0, [108.958694, 91.68663, 0.938625])
6.87_NUM
(208115, 11622, 0.0, [109.04741, 91.56794, 0.8272])
6.44_NUM
(208157, 11622, 0.0, [108.95783, 91.6335, 0.91092])
6.61_NUM
(208283, 11622, 0.0, [108.9752, 91.65375, 0.90431])
9.35_NUM
(208546, 11622, 0.0, [109.06972, 91.613655, 0.89097])
6.52_NUM
(211472, 11622, 0.0, [108.97474, 91.65504, 0.903625])
7.55_NUM
(211865, 11622, 0.0, [109.04925, 91.61475, 0.90059])
7.16_NUM
(212760, 11622, 0.0, [109.01957, 91.608444, 0.87882])
6.89_NUM
(212908, 11622, 0.0, [109.02231, 91.60045, 0.86483])
7.07_NUM
(215096, 11622, 0.0, [108.980965, 91.62744, 0.88273])
12.36_NUM
(215782, 11622, 0.0, [108.86131, 91.78577, 0.83047])
5.39_NUM
(216640, 11622, 0.0, [108.949326, 91.69198, 0.93404])
6.32_NUM
(216681, 11622, 0.0, [108.95571, 91.74098, 0.96006])
6.81_NUM
(216920, 11622, 0.0, [109.01964, 91.59754, 0.85695])
6.76_NUM
(217179, 11622, 0.0, [108.97052, 91.64179, 0.90151])
6.83_NUM
(217322, 11622, 0.0, [109.02547, 91.58672, 0.85558])
6.59_NUM
(218122, 11622, 0.0, [108.957115, 91.682175, 0.93152])
6.29_NUM
(220924, 11622, 0.0, [108.91923, 91.6831, 0.98609])
7.06_NUM
(221216, 11622, 0.0, [108.959915, 91.68309, 0.95828])
8.23_NUM
(221954, 11622, 0.0, [109.013084, 91.60805, 0.87021])
7.26_NUM
(223235, 11622, 0.0, [109.04159, 91.58583, 0.85062])
6.96_NUM
(223254, 11622, 0.0, [109.04437, 91.57118, 0.83249])
6.77_NUM
(223367, 11622, 0.0, [108.89181, 91.72314, 0.97263])
7.21_NUM
(223457, 11622, 0.0, [109.049126, 91.56695, 0.8548])
5.69_NUM
(223887, 11622, 0.0, [108.94399, 91.69318, 0.94386])
8.02_NUM
(225211, 11622, 0.0, [109.0688, 91.5579, 0.83137])
9.81_NUM
(225228, 11622, 0.0, [109.02073, 91.58986, 0.87451])
6.91_NUM
(225481, 11622, 0.0, [108.95753, 91.66701, 0.91838])
6.69_NUM
(226809, 11622, 0.0, [109.075836, 91.55283, 0.8145])
7.34_NUM
(227548, 11622, 0.0, [108.98346, 91.60828, 0.8808])
7.87_NUM
(227864, 11622, 0.0, [109.00909, 91.61186, 0.880985])
6.71_NUM
(228477, 11622, 0.0, [109.01143, 91.61682, 0.87889])
6.94_NUM
(230085, 11622, 0.0, [108.98893, 91.646255, 0.89567])
6.64_NUM
(231813, 11622, 0.0, [109.015816, 91.60542, 0.86413])
8.08_NUM
(232977, 11622, 0.0, [109.07079, 91.55653, 0.83461])
6.84_NUM
(233181, 11622, 0.0, [109.02449, 91.667534, 0.90542])
6.86_NUM
(233419, 11622, 0.0, [109.03407, 91.585724, 0.84085])
6.54_NUM
(234139, 11622, 0.0, [108.950874, 91.68828, 0.91534])
7.18_NUM
(236610, 11622, 0.0, [108.93687, 91.72051, 0.9631])
6.31_NUM
(236880, 11622, 0.0, [108.99305, 91.62494, 0.87407])
8.31_NUM
(238399, 11622, 0.0, [109.04001, 91.632164, 0.89599])
6.78_NUM
(240998, 11622, 0.0, [109.0578, 91.55518, 0.820875])
8.24_NUM
(241115, 11622, 0.0, [109.063995, 91.560265, 0.82783])
7.05_NUM
(242136, 11622, 0.0, [109.065125, 91.59835, 0.87312])
6.41_NUM
(242314, 11622, 0.0, [108.96244, 91.64136, 0.91305])
7.96_NUM
(242434, 11622, 0.0, [109.05119, 91.57031, 0.83013])
7.13_NUM
(242658, 11622, 0.0, [108.93785, 91.70068, 0.97156])
6.97_NUM
(244167, 11622, 0.0, [109.02014, 91.61054, 0.86688])
7.28_NUM
(244383, 11622, 0.0, [109.05277, 91.55363, 0.82612])
7.29_NUM
(245778, 11622, 0.0, [109.01539, 91.6226, 0.8968])
8.26_NUM
(247092, 11622, 0.0, [109.02503, 91.605316, 0.871515])
8.03_NUM
(248428, 11622, 0.0, [109.04381, 91.56997, 0.83144])
7.61_NUM
(248781, 11622, 0.0, [109.056656, 91.5509, 0.81847])
8.42_NUM
(249562, 11622, 0.0, [108.92578, 91.722336, 0.956945])
7.22_NUM
(249582, 11622, 0.0, [109.02187, 91.6736, 0.95859])
8.09_NUM
(249843, 11622, 0.0, [109.03218, 91.5824, 0.84139])
8.57_NUM
(250268, 11622, 0.0, [109.01628, 91.60676, 0.86634])
7.39_NUM
(252266, 11622, 0.0, [109.05965, 91.55652, 0.84692])
6.93_NUM
(253316, 11622, 0.0, [109.04178, 91.5824, 0.84572])
7.38_NUM
(253428, 11622, 0.0, [109.01208, 91.578705, 0.82714])
8.95_NUM
(255770, 11622, 0.0, [109.02665, 91.643105, 0.94701])
6.73_NUM
(256588, 11622, 0.0, [109.036896, 91.57184, 0.83333])
7.49_NUM
(257034, 11622, 0.0, [109.049835, 91.55544, 0.82629])
7.66_NUM
(257129, 11622, 0.0, [109.01616, 91.61107, 0.90006])
9.55_NUM
(257632, 11622, 0.0, [108.99916, 91.64867, 0.93408])
7.48_NUM
(257927, 11622, 0.0, [109.00439, 91.62723, 0.8873])
7.67_NUM
(260824, 11622, 0.0, [109.045364, 91.5761, 0.89272])
7.42_NUM
(262882, 11622, 0.0, [109.02902, 91.59, 0.84196])
8.21_NUM
(265241, 11622, 0.0, [109.05015, 91.55925, 0.82697])
9.66_NUM
(266480, 11622, 0.0, [109.02595, 91.587, 0.89751])
7.88_NUM
(266618, 11622, 0.0, [109.00304, 91.64251, 0.89085])
7.47_NUM
(266810, 11622, 0.0, [109.03523, 91.58892, 0.87237])
7.44_NUM
(268778, 11622, 0.0, [109.01662, 91.60205, 0.865])
8.74_NUM
(271365, 11622, 0.0, [109.05707, 91.56348, 0.8382])
9.17_NUM
(273018, 11622, 0.0, [109.04272, 91.55732, 0.81818])
7.83_NUM
(273568, 11622, 0.0, [109.03809, 91.5758, 0.838])
7.79_NUM
(273938, 11622, 0.0, [108.9991, 91.653854, 0.90107])
8.89_NUM
(274102, 11622, 0.0, [108.94567, 91.68229, 0.96469])
8.36_NUM
(274487, 11622, 0.0, [109.01487, 91.60951, 0.86405])
7.31_NUM
(275305, 11622, 0.0, [109.05051, 91.58451, 0.8668])
11.57_NUM
(276317, 11622, 0.0, [109.0775, 91.56512, 0.82199])
7.37_NUM
(276520, 11622, 0.0, [109.04106, 91.57594, 0.84632])
9.28_NUM
(281468, 11622, 0.0, [108.919106, 91.72145, 0.9882])
7.74_NUM
(282208, 11622, 0.0, [109.05171, 91.56523, 0.84936])
7.86_NUM
(282699, 11622, 0.0, [109.05764, 91.55017, 0.81991])
7.64_NUM
(282833, 11622, 0.0, [109.00824, 91.58645, 0.87067])
9.05_NUM
(284328, 11622, 0.0, [108.98194, 91.5643, 0.85284])
17.75_NUM
(286420, 11622, 0.0, [109.082886, 91.5964, 0.87489])
8.62_NUM
(287033, 11622, 0.0, [108.98564, 91.5584, 0.80691])
11.85_NUM
(288016, 11622, 0.0, [108.99788, 91.58659, 0.85043])
8.29_NUM
(288568, 11622, 0.0, [109.04245, 91.582565, 0.86089])
8.86_NUM
(290010, 11622, 0.0, [108.99772, 91.63104, 0.90946])
9.27_NUM
(290524, 11622, 0.0, [109.03301, 91.55013, 0.84618])
8.83_NUM
(290822, 11622, 0.0, [109.06145, 91.5547, 0.84896])
8.37_NUM
(292492, 11622, 0.0, [108.999054, 91.62821, 0.87752])
7.81_NUM
(292532, 11622, 0.0, [109.03206, 91.56658, 0.83138])
8.73_NUM
(292810, 11622, 0.0, [108.958984, 91.601974, 0.855665])
4.45_NUM
(85988, 11611, 0.0, [108.85765, 92.07315, 1.28417])
4.51_NUM
(135380, 11611, 0.0, [108.649895, 92.12667, 1.28893])
4.81_NUM
(142167, 11611, 0.0, [108.6381, 92.12526, 1.26966])
6.02_NUM
(143033, 11611, 0.0, [108.66347, 92.13552, 1.30155])
4.96_NUM
(151893, 11611, 0.0, [108.66285, 92.086586, 1.24662])
4.97_NUM
(152238, 11611, 0.0, [108.64678, 92.10208, 1.2704])
4.78_NUM
(152644, 11611, 0.0, [108.60893, 92.18434, 1.3241])
6.23_NUM
(153441, 11611, 0.0, [108.710724, 92.01167, 1.19838])
6.14_NUM
(153754, 11611, 0.0, [108.69035, 92.057785, 1.22908])
4.89_NUM
(153808, 11611, 0.0, [108.67107, 91.974915, 1.14818])
4.84_NUM
(153821, 11611, 0.0, [108.644775, 92.02364, 1.26355])
4.92_NUM
(154739, 11611, 0.0, [108.76245, 91.98579, 1.19102])
6.17_NUM
(155122, 11611, 0.0, [108.730675, 92.024765, 1.23262])
5.49_NUM
(156568, 11611, 0.0, [108.71459, 92.02293, 1.19984])
6.12_NUM
(157267, 11611, 0.0, [108.64711, 91.97324, 1.15473])
5.23_NUM
(161696, 11611, 0.0, [108.73024, 91.95993, 1.17049])
4.93_NUM
(166378, 11611, 0.0, [108.70065, 92.02295, 1.20835])
5.38_NUM
(167295, 11611, 0.0, [108.714676, 92.01457, 1.21523])
5.41_NUM
(167474, 11611, 0.0, [108.77851, 91.91951, 1.13519])
5.57_NUM
(168273, 11611, 0.0, [108.7343, 91.97932, 1.17405])
6.95_NUM
(168485, 11611, 0.0, [108.691666, 92.1529, 1.33158])
5.61_NUM
(171007, 11611, 0.0, [108.670204, 92.099846, 1.27944])
6.33_NUM
(171976, 11611, 0.0, [108.68868, 92.08079, 1.28555])
5.22_NUM
(173371, 11611, 0.0, [108.72267, 91.9815, 1.16308])
5.31_NUM
(173472, 11611, 0.0, [108.62158, 92.14415, 1.3112])
5.59_NUM
(173661, 11611, 0.0, [108.7078, 92.04828, 1.22873])
5.68_NUM
(174523, 11611, 0.0, [108.583496, 92.10611, 1.29019])
5.29_NUM
(175989, 11611, 0.0, [108.68288, 92.08203, 1.28478])
5.62_NUM
(177188, 11611, 0.0, [108.73599, 91.96396, 1.16526])
5.37_NUM
(177364, 11611, 0.0, [108.593636, 92.12213, 1.2925])
5.72_NUM
(180343, 11611, 0.0, [108.620544, 92.01914, 1.24411])
5.83_NUM
(182478, 11611, 0.0, [108.81523, 91.905235, 1.12461])
6.11_NUM
(186697, 11611, 0.0, [108.780594, 91.92123, 1.14275])
8.04_NUM
(187096, 11611, 0.0, [108.54191, 92.11489, 1.27554])
5.64_NUM
(187322, 11611, 0.0, [108.72081, 91.984, 1.14975])
5.53_NUM
(190698, 11611, 0.0, [108.711555, 92.032936, 1.21231])
5.46_NUM
(193021, 11611, 0.0, [108.76717, 91.910675, 1.11312])
9.14_NUM
(193777, 11611, 0.0, [108.71156, 91.90673, 1.1838])
5.63_NUM
(197699, 11611, 0.0, [108.60033, 92.11327, 1.29826])
5.79_NUM
(198552, 11611, 0.0, [108.76688, 91.941185, 1.14441])
6.34_NUM
(199093, 11611, 0.0, [108.68302, 91.992584, 1.21442])
5.32_NUM
(200141, 11611, 0.0, [108.726074, 91.99458, 1.20077])
6.28_NUM
(202090, 11611, 0.0, [108.69645, 92.028305, 1.22794])
5.58_NUM
(202208, 11611, 0.0, [108.83411, 91.89151, 1.11923])
10.04_NUM
(202323, 11611, 0.0, [108.57349, 92.06938, 1.23668])
6.24_NUM
(202739, 11611, 0.0, [108.73772, 91.97374, 1.192865])
5.94_NUM
(202883, 11611, 0.0, [108.721725, 91.99815, 1.19077])
5.73_NUM
(205586, 11611, 0.0, [108.81216, 91.8865, 1.09892])
11.04_NUM
(207610, 11611, 0.0, [108.61106, 92.0207, 1.19905])
5.43_NUM
(207690, 11611, 0.0, [108.74265, 91.99397, 1.20407])
6.09_NUM
(208055, 11611, 0.0, [108.60137, 92.15529, 1.32614])
5.86_NUM
(210207, 11611, 0.0, [108.78771, 91.91124, 1.11432])
5.42_NUM
(211940, 11611, 0.0, [108.77978, 92.05121, 1.30572])
5.36_NUM
(212113, 11611, 0.0, [108.74363, 91.991875, 1.19354])
7.36_NUM
(215406, 11611, 0.0, [108.69846, 92.051094, 1.23911])
8.65_NUM
(217543, 11611, 0.0, [108.622955, 92.05522, 1.07039])
6.39_NUM
(217978, 11611, 0.0, [108.59017, 92.13043, 1.33067])
7.03_NUM
(222776, 11611, 0.0, [108.63792, 92.02296, 1.24881])
5.87_NUM
(230380, 11611, 0.0, [108.60172, 91.99456, 1.18622])
7.71_NUM
(232062, 11611, 0.0, [108.69644, 92.03512, 1.23059])
8.53_NUM
(237146, 11611, 0.0, [108.79761, 91.89413, 1.10716])
6.26_NUM
(245965, 11611, 0.0, [108.73359, 92.00492, 1.20214])
5.84_NUM
(247168, 11611, 0.0, [108.79359, 92.00253, 1.22712])
13.04_NUM
(260374, 11611, 0.0, [108.675, 91.97163, 1.15919])
8.38_NUM
(263499, 11611, 0.0, [108.855774, 91.88232, 1.10154])
8.44_NUM
(272201, 11611, 0.0, [108.782455, 91.94941, 1.15882])
7.43_NUM
(275733, 11611, 0.0, [108.800995, 91.89941, 1.10896])
5.13_NUM
(118565, 11532, 0.0, [108.13229, 92.70137, 1.55678])
5.14_NUM
(123944, 11532, 0.0, [108.01609, 92.84689, 1.60543])
4.86_NUM
(139989, 11532, 0.0, [108.068504, 92.69161, 1.59919])
12.25_NUM
(181935, 11457, 0.0, [109.20035, 91.553116, 0.9388])
5.11_NUM
(101429, 11416, 0.0, [107.85155, 93.057205, 1.68714])
7.32_NUM
(188565, 11370, 0.0, [108.51174, 91.962654, 1.14697])
12.04_NUM
(195944, 11370, 0.0, [108.48948, 92.163765, 1.32359])
7.04_NUM
(212360, 11370, 0.0, [108.52669, 92.15444, 1.31149])
9.04_NUM
(255819, 11370, 0.0, [108.51489, 92.15913, 1.31781])
14.04_NUM
(269256, 11370, 0.0, [108.526566, 92.11836, 1.31177])
5.44_NUM
(187936, 11303, 0.0, [108.56353, 91.68944, 0.79756])
6.36_NUM
(208649, 11303, 0.0, [108.67447, 91.63654, 0.86379])
4.69_NUM
(161204, 11301, 0.0, [108.47087, 92.25735, 1.317615])
11.11_NUM
(175467, 11084, 0.0, [109.40181, 91.150375, 0.45625])
10.16_NUM
(187360, 11084, 0.0, [109.41448, 91.131905, 0.44009])
10.13_NUM
(189918, 11084, 0.0, [109.422874, 91.118034, 0.42619])
10.14_NUM
(206853, 11084, 0.0, [109.41877, 91.12501, 0.43368])
9.84_NUM
(211407, 11084, 0.0, [109.46403, 91.08957, 0.40767])
13.56_NUM
(219510, 11084, 0.0, [109.378, 91.18024, 0.48518])
10.23_NUM
(220969, 11084, 0.0, [109.487976, 91.0444, 0.36])
9.97_NUM
(223427, 11084, 0.0, [109.45169, 91.08604, 0.39745])
10.21_NUM
(224951, 11084, 0.0, [109.469635, 91.072105, 0.38467])
10.03_NUM
(225932, 11084, 0.0, [109.39497, 91.16023, 0.46146])
10.24_NUM
(229497, 11084, 0.0, [109.44737, 91.10186, 0.40899])
10.05_NUM
(230225, 11084, 0.0, [109.42971, 91.122574, 0.42151])
10.17_NUM
(233182, 11084, 0.0, [109.42551, 91.122, 0.4307])
10.33_NUM
(241283, 11084, 0.0, [109.455086, 91.11795, 0.436935])
9.77_NUM
(241492, 11084, 0.0, [109.468216, 91.02954, 0.39266])
10.26_NUM
(248021, 11084, 0.0, [109.38955, 91.1522, 0.47008])
10.22_NUM
(248092, 11084, 0.0, [109.39023, 91.16229, 0.46348])
19.75_NUM
(249041, 11084, 0.0, [109.39619, 91.19089, 0.50445])
9.93_NUM
(249400, 11084, 0.0, [109.445656, 91.095566, 0.41042])
9.96_NUM
(251399, 11084, 0.0, [109.417915, 91.025505, 0.37749])
10.18_NUM
(253587, 11084, 0.0, [109.40705, 91.141884, 0.44929])
10.09_NUM
(257147, 11084, 0.0, [109.36439, 91.19883, 0.49801])
13.12_NUM
(257488, 11084, 0.0, [109.3716, 91.178635, 0.48413])
11.14_NUM
(258185, 11084, 0.0, [109.4002, 91.14537, 0.44738])
11.13_NUM
(259735, 11084, 0.0, [109.4093, 91.12509, 0.4322])
10.95_NUM
(260342, 11084, 0.0, [109.42356, 91.130165, 0.45303])
10.07_NUM
(263515, 11084, 0.0, [109.46144, 91.07413, 0.38923])
10.46_NUM
(270219, 11084, 0.0, [109.44067, 91.10628, 0.40643])
9.11_NUM
(271222, 11084, 0.0, [109.451035, 91.08529, 0.40282])
10.08_NUM
(272855, 11084, 0.0, [109.46915, 91.068115, 0.36869])
11.16_NUM
(273660, 11084, 0.0, [109.39578, 91.148636, 0.45303])
10.28_NUM
(274994, 11084, 0.0, [109.41322, 91.12986, 0.44376])
10.85_NUM
(275574, 11084, 0.0, [109.369194, 91.19368, 0.49405])
10.44_NUM
(277029, 11084, 0.0, [109.34646, 91.21026, 0.51003])
10.01_NUM
(279338, 11084, 0.0, [109.41583, 91.136215, 0.43898])
9.79_NUM
(281111, 11084, 0.0, [109.4659, 91.06884, 0.37758])
11.17_NUM
(281179, 11084, 0.0, [109.367805, 91.17075, 0.47632])
10.31_NUM
(284160, 11084, 0.0, [109.36301, 91.18971, 0.49799])
10.71_NUM
(285821, 11084, 0.0, [109.36463, 91.188576, 0.49822])
9.91_NUM
(286404, 11084, 0.0, [109.445984, 91.1057, 0.41516])
12.11_NUM
(287198, 11084, 0.0, [109.37875, 91.17311, 0.48013])
9.89_NUM
(290631, 11084, 0.0, [109.362595, 91.19868, 0.50045])
10.37_NUM
(292988, 11084, 0.0, [109.34939, 91.20618, 0.50637])
10.19_NUM
(294494, 11084, 0.0, [109.437614, 91.10491, 0.41585])
17.45_NUM
(296506, 11084, 0.0, [109.33989, 91.18433, 0.51524])
10.15_NUM
(125523, 10963, 0.0, [109.30618, 91.31155, 0.63072])
10.75_NUM
(137092, 10963, 0.0, [109.26841, 91.338524, 0.64566])
11.15_NUM
(158916, 10963, 0.0, [109.38729, 91.22538, 0.56568])
10.12_NUM
(193143, 10963, 0.0, [109.26735, 91.31118, 0.59521])
18.75_NUM
(196747, 10963, 0.0, [109.341354, 91.30333, 0.66234])
10.11_NUM
(216908, 10963, 0.0, [109.20796, 91.37485, 0.65481])
10.66_NUM
(236662, 10963, 0.0, [109.25804, 91.35909, 0.64186])
11.05_NUM
(237516, 10963, 0.0, [109.27736, 91.30429, 0.59133])
13.33_NUM
(238320, 10963, 0.0, [109.22166, 91.36895, 0.65007])
14.87_NUM
(240062, 10963, 0.0, [109.22698, 91.3429, 0.64146])
10.36_NUM
(248538, 10963, 0.0, [109.29657, 91.30035, 0.60489])
11.32_NUM
(250086, 10963, 0.0, [109.21581, 91.22825, 0.55297])
10.32_NUM
(258383, 10963, 0.0, [109.29235, 91.276855, 0.56158])
6.98_NUM
(263319, 10963, 0.0, [109.21584, 91.39462, 0.6474])
9.87_NUM
(269652, 10963, 0.0, [109.31144, 91.25883, 0.55528])
10.53_NUM
(271367, 10963, 0.0, [109.23066, 91.35174, 0.63561])
11.43_NUM
(274798, 10963, 0.0, [109.25263, 91.34694, 0.6583])
11.36_NUM
(276123, 10963, 0.0, [109.24165, 91.34483, 0.62392])
9.82_NUM
(276275, 10963, 0.0, [109.203865, 91.38427, 0.6521])
10.27_NUM
(276680, 10963, 0.0, [109.323586, 91.233185, 0.52369])
11.46_NUM
(282589, 10963, 0.0, [109.22361, 91.36333, 0.63843])
12.85_NUM
(284205, 10963, 0.0, [109.229065, 91.36621, 0.65789])
20.25_NUM
(287326, 10963, 0.0, [109.34083, 91.22904, 0.53024])
10.58_NUM
(287884, 10963, 0.0, [109.29653, 91.27258, 0.56085])
10.83_NUM
(289867, 10963, 0.0, [109.33388, 91.22886, 0.52942])
9.83_NUM
(292063, 10963, 0.0, [109.21977, 91.3655, 0.65764])
10.56_NUM
(293324, 10963, 0.0, [109.3241, 91.236626, 0.5333])
11.55_NUM
(295702, 10963, 0.0, [109.26835, 91.31983, 0.60559])
9.72_NUM
(295838, 10963, 0.0, [109.20618, 91.37432, 0.66005])
8.13_NUM
(191762, 10932, 0.0, [108.97503, 91.25874, 0.52608])
7.08_NUM
(201652, 10932, 0.0, [109.13079, 91.419495, 0.65964])
9.85_NUM
(221926, 10932, 0.0, [109.14113, 91.34342, 0.59637])
16.93_NUM
(249981, 10800, 0.0, [107.60892, 93.25547, 1.48214])
10.06_NUM
(227294, 10715, 0.0, [109.53357, 91.00904, 0.33428])
11.34_NUM
(286337, 10715, 0.0, [109.527306, 91.0376, 0.33346])
6.25_NUM
(59331, 10636, 0.0, [108.915375, 93.216736, 2.80669])
7.02_NUM
(165526, 10273, 0.0, [108.27613, 91.53741, 0.70674])
6.51_NUM
(244352, 10001, 0.0, [108.74734, 91.56416, 0.61163])
10.02_NUM
(248398, 9750, 0.0, [109.70738, 90.76061, 0.02181])
9.88_NUM
(284997, 9735, 0.0, [109.47812, 90.951324, 0.33142])
6.22_NUM
(172118, 9461, 0.0, [109.59003, 91.05837, 0.28442])
11.12_NUM
(252205, 9461, 0.0, [109.59462, 90.91916, 0.23109])
9.92_NUM
(260582, 9461, 0.0, [109.53255, 91.01687, 0.31203])
8.28_NUM
(264518, 9461, 0.0, [109.60723, 91.01412, 0.27822])
33.33_NUM
(178393, 9336, 0.0, [109.86441, 90.705925, 0.065])
1.75_NUM
(27811, 8562, 0.0, [108.89542, 93.71654, 3.35745])
1.25_NUM
(19121, 7522, 0.0, [108.952576, 94.13607, 4.01558])
Gryf_PROPN
(211752, 1022, 0.0, [85.509415, 118.01168, 50.08756])
